	Acmaeodera_sp	Adelidae	Anaspidinae	Andrena_msp12	Andrena_msp15	Andrena_msp1	Andrena_msp10	Andrena_msp11	Andrena_msp2	Andrena_msp3	Andrena_msp4	Andrena_msp5	Andrena_msp7	Bombus_terrestris	Bombylius_sp	Brachonidae_msp2	Bruchinae	Camponotus_cruentatus	Ceratina_msp1	Ceratina_msp2	Chalcididae	Chelostoma_msp1	Chrysanthia_sp	Chrysotoxum_sp	Dermaptera	Diptera_ms	Diptera_s	Empididae	Enicopus_sp	Episyrphus_balteatus	Eristalis_tenax	Eucera_sp	Eupeodes_sp	Flavipanurgus_flavus	Geometridae_larva	Heliotaurus_ruficollis	Heterocera	Iberoformica_subrufa	Ichneumonidae	Lasioglossum_msp1	Lasioglossum_msp1.2	Lasioglossum_msp2.1	Lasioglossum_msp3	Lomatia_sp	Lucilia_sp	Malachinae	Melanostoma_sp	Meliguethes_sp	Mordellidae	Muscidae	Mylabris_sp	Neuroptera	Nomada_sp	Nomada_msp2	Olibrus_sp	Osmia_msp3	Oxythera_trilineata	Panurgus_sp	Plagiolepis_schmitzii	Pterophoridae	Reduviidae	Scarabeidae_msp1	Sphaerophoria_scripta	Sphecodes_sp	Stenurella_approximans	Stictoleptura_cordigera	Tachinidae_msp1	Tachinidae_msp2	Tachinidae_msp5	Tettigoniidae	Thysanoptera	Ulidiidae	Usia_sp	Vespidae	Villa_sp	Volucella_elegans
Cla	0	0	0	0	0.7617866	0.7617866	3.047146402	0	0	0	2.285359801	3.047146402	0.7617866	4.570719603	0.7617866	0.7617866	3.047146402	9.903225806	0	0	1.523573201	0	0.7617866	0.7617866	1.523573201	29.70967742	3.808933002	0	38.08933002	0	2.285359801	0.7617866	0	3.047146402	0	99.79404467	0.7617866	13.71215881	0.7617866	23.61538462	0	0.7617866	1.523573201	0	0.7617866	0.7617866	0	3.047146402	0	0	0	0	0	0	3.047146402	0	18.28287841	0	4.570719603	0	0	2.285359801	0.7617866	0	0	0.7617866	0	0	0	0.7617866	6.094292804	0.7617866	9.903225806	0	0	0
Rof	0	0	0	0	0	0	0	0	0	0	0	0	0	1	0	0	0	0	0	0	0	0	0	0	0	0	0	0	0	0	0	3	0	0	0	0	0	0	0	0	0	0	0	0	0	0	0	0	0	0	0	0	0	0	0	0	0	0	0	0	0	0	0	0	0	0	0	0	0	0	0	0	0	0	0	0
Cpop	0	0.333333333	1.333333333	0	0	0	0	0	0.666666667	0	0	0.333333333	0	0	1	0	0.666666667	1	0	0	0	0	0	0.666666667	0	1.666666667	1.333333333	1	3	0.333333333	5	0	0.666666667	0	0.333333333	17.66666667	0	6.666666667	0	20.33333333	0	0.333333333	0	0	0.666666667	0.333333333	0.333333333	0	0.666666667	0	0	0	1.666666667	0	1.333333333	0	1.333333333	0	7.666666667	0	0.333333333	2.666666667	3.666666667	0.333333333	0.666666667	0.333333333	0	0	0	1	1.333333333	0	3.666666667	0	0	0.333333333
Tmas	0	0	0	0.333333333	0	0	0	0	0	1.333333333	0	0	0	0.333333333	0	0	0	0	1	0.333333333	0	0	0	0.333333333	0	0.666666667	0	1	0.333333333	0	1	0	1.333333333	0	0	0.333333333	0	0	0	2.666666667	0	0	0	4.333333333	0.333333333	0	0	0	0	0.333333333	0	0	6.333333333	0.333333333	0	0.333333333	0	0	0	0.333333333	0	0	0.333333333	0.333333333	0	0	2.333333333	4	1	1	0	0	0	0.333333333	0.333333333	0
Tgut	0	0	0	0	0	0	0	0	0	0	0	0	0	2.666666667	0.333333333	0	0	0	0	0	0	0	0	0	0	0	0	0	0	0	0	0	0	0	0	0	0	0	0	0	0	0.333333333	0	0	0	0	0	0	0	0	0	0	0	0	0	0	0	0	0	0	0	0.333333333	0	0	0	0	0	0	0	0	0	0	0	0	0	0
Cre	1	1	0	0	0	0	0	1	0	0	0	0	0	0	0	0	0	0	0	0	0	0	0	0	0	0	0	0	0	0	0	0	0	0	0	0	0	0	0	1	1	0	0	0	0	1	0	0	0	0	0	0	0	0	0	0	0	4	0	0	0	0	0	0	0	0	0	0	0	0	0	0	0	0	0	0
Tol	0	0	0	0	0	0	0	0	0	0	0	0	0	0	0	0	0	0	0	0	0	0	0	0	0	0	0	0	0	0	0	0	0	0	0	0	0	0	0	2	0	0	0	0	0	0	0	0	0	0	0	0	0	0	0	0	0	0	0	0	0	0	0	0	0	0	0	0	0	0	0	0	1	0	0	0
Clu	0	0	0	0	0	0	0	0	0	0	0	1	0	0	0	0	0	0	0	0	0	2	0	0	0	0	0	0	0	0	0	0	0	0	0	0	0	0	0	0	0	0	0	0	0	0	0	0	0	0	0	0	0	0	0	0	0	0	0	0	0	0	0	0	0	0	0	0	0	0	0	0	21	0	0	0
Aae	0	0	0	0	0	0	0	0	0	0	0	0	0	0	0	0	0	0	0	0	0	0	0	0	0	0	0	0	0	0	0	0.5	0	0	0	2	0	0	0	1.5	0	0.5	0	0	0	0	0	0	0	0	2	0.5	0	0	0	0	0	0	0	0	0	0	0	0	0	0	0	0	0	0	0	0	0	0	0	0
