"ID" "OLD_Chl" "OLD_Chl_sd" "OLD_Flav" "OLD_Flav_sd" "OLD_Anth" "OLD_Anth_sd" "OLD_NBI" "OLD_NBI_sd" "NEW_Chl" "NEW_Chl_sd" "NEW_Flav" "NEW_Flav_sd" "NEW_Anth" "NEW_Anth_sd" "NEW_NBI" "NEW_NBI_sd" "Year" "Full_ID" "Specie"
"1" "25QI" 56.886 5.418 1.843 0.036 0.131 0.023 30.9 3.274 45.247 9.716 1.909 0.063 0.122 0.014 23.853 6.006 2021 "21_QM__25QI" "QI"
"2" "42CA" 29.521 3.612 1.909 0.115 0.272 0.059 15.569 2.619 41.062 2.519 1.674 0.048 0.123 0.006 24.546 1.716 2021 "21_QM__42CA" "CA"
"3" "36CA" 28.396 4.085 1.775 0.124 0.215 0.023 16.02 2.074 34.841 3.04 1.671 0.067 0.154 0.022 20.884 2.101 2021 "21_QM__36CA" "CA"
"4" "63QI" 52.572 3.491 1.85 0.022 0.15 0.021 28.42 2.003 39.054 3.179 1.929 0.027 0.196 0.03 20.246 1.659 2021 "21_QM__63QI" "QI"
"5" "62QI" 60.979 3.706 1.772 0.046 0.117 0.008 34.48 3.056 46.714 3.261 1.901 0.039 0.134 0.008 24.589 1.85 2021 "21_QM__62QI" "QI"
"6" "61QI" 54.614 2.988 1.867 0.063 0.133 0.014 29.302 2.392 49.187 4.063 1.865 0.037 0.121 0.015 26.406 2.625 2021 "21_QM__61QI" "QI"
"7" "64QI" 57.1 4.256 1.862 0.041 0.148 0.01 30.656 1.948 52.17 2.938 1.86 0.019 0.124 0.017 28.06 1.727 2021 "21_QM__64QI" "QI"
"8" "65QI" 61.742 0.941 1.965 0.053 0.155 0.015 31.44 0.721 50.542 4.807 1.979 0.051 0.141 0.017 25.585 2.948 2021 "21_QM__65QI" "QI"
"9" "66QI" 59.361 4.031 1.911 0.036 0.144 0.014 31.071 2.047 51.061 2.658 1.997 0.051 0.141 0.012 25.574 1.366 2021 "21_QM__66QI" "QI"
"10" "67QI" 60.381 7.815 1.909 0.057 0.142 0.02 31.63 4.03 40.092 4.526 1.991 0.049 0.156 0.018 20.131 2.113 2021 "21_QM__67QI" "QI"
"11" "96CA" 22.798 2.097 2.027 0.107 0.341 0.125 11.302 1.523 30.795 2.312 1.698 0.058 0.183 0.008 18.151 1.492 2021 "21_QM__96CA" "CA"
"12" "97CA" 33.086 1.161 2.013 0.075 0.227 0.013 16.459 0.87 33.719 0.8 1.631 0.073 0.165 0.01 20.71 1.169 2021 "21_QM__97CA" "CA"
"13" "95CA" 37.29 2.444 1.998 0.128 0.223 0.033 18.693 1.113 35.316 2.791 1.542 0.08 0.171 0.007 22.959 2.339 2021 "21_QM__95CA" "CA"
"14" "92CA" 25.034 3.934 1.967 0.085 0.306 0.04 12.727 1.981 34.254 2.373 1.683 0.093 0.17 0.009 20.369 1.332 2021 "21_QM__92CA" "CA"
"15" "93CA" 25.403 3.388 2.011 0.16 0.314 0.051 12.607 1.068 39.513 2.522 1.846 0.05 0.165 0.013 21.441 1.788 2021 "21_QM__93CA" "CA"
"16" "94CA" 29.476 6.144 1.895 0.075 0.307 0.118 15.584 3.327 34.892 1.978 1.738 0.114 0.163 0.012 20.17 2.181 2021 "21_QM__94CA" "CA"
"17" "103QI" 49.535 5.123 1.971 0.031 0.17 0.024 25.146 2.702 41.677 4.404 1.996 0.017 0.163 0.02 20.887 2.283 2021 "21_QM__103QI" "QI"
"18" "117CA" 19.716 8.173 1.795 0.147 0.356 0.181 11.15 5.142 36.798 1.849 1.762 0.074 0.16 0.02 20.937 1.777 2021 "21_QM__117CA" "CA"
"19" "116CA" 38.664 2.033 1.779 0.072 0.185 0.017 21.789 1.829 42.266 2.758 1.66 0.073 0.136 0.005 25.535 2.474 2021 "21_QM__116CA" "CA"
"20" "120QI" 55.944 2.75 1.969 0.017 0.145 0.006 28.421 1.631 52.36 5.409 1.968 0.048 0.133 0.012 26.588 2.427 2021 "21_QM__120QI" "QI"
"21" "123QI" 57.231 2.777 2 0.036 0.14 0.009 28.639 1.814 49.488 1.735 2.05 0.042 0.116 0.013 24.137 0.372 2021 "21_QM__123QI" "QI"
"22" "136QI" 59.094 2.123 2.034 0.075 0.127 0.016 29.073 1.211 55.946 3.004 1.995 0.032 0.117 0.009 28.058 1.747 2021 "21_QM__136QI" "QI"
"23" "137QI" 49.459 4.677 1.911 0.067 0.147 0.017 25.859 2.114 58.164 2.011 1.883 0.052 0.116 0.013 30.906 1.473 2021 "21_QM__137QI" "QI"
"24" "144CA" 25.985 7.578 1.97 0.145 0.285 0.058 13.305 4.2 34.884 3.458 1.674 0.121 0.186 0.011 20.812 0.874 2021 "21_QM__144CA" "CA"
"25" "153CA" 24.733 8.015 1.913 0.112 0.266 0.066 12.986 4.287 35.457 1.793 1.853 0.058 0.163 0.006 19.134 0.81 2021 "21_QM__153CA" "CA"
"26" "152QI" 69.575 3.43 1.936 0.135 0.127 0.019 35.99 1.081 58.077 2.24 2.001 0.02 0.112 0.011 29.029 1.244 2021 "21_QM__152QI" "QI"
"27" "157CA" 27.326 1.354 1.943 0.132 0.248 0.018 14.135 1.411 30.194 2.686 1.346 0.25 0.174 0.018 22.734 2.165 2021 "21_QM__157CA" "CA"
"28" "164CA" 22.93 9.546 1.899 0.129 0.404 0.106 11.883 4.478 39.237 3.124 1.837 0.042 0.126 0.008 21.34 1.307 2021 "21_QM__164CA" "CA"
"29" "169QI" 58.15 3.573 2.019 0.013 0.111 0.015 28.799 1.82 56.877 6.147 1.996 0.054 0.111 0.009 28.45 2.337 2021 "21_QM__169QI" "QI"
"30" "168QI" 67.99 3.62 2.018 0.036 0.118 0.014 33.714 2.044 57.606 1.901 2.04 0.028 0.111 0.015 28.246 1.067 2021 "21_QM__168QI" "QI"
"31" "186QI" 67.772 4.557 2.02 0.026 0.107 0.01 33.559 2.311 50.452 5.92 1.959 0.101 0.114 0.02 25.739 2.561 2021 "21_QM__186QI" "QI"
"32" "190QI" 57.307 5.384 2.05 0.039 0.127 0.013 27.969 2.799 40.272 12.257 1.998 0.154 0.181 0.024 19.935 4.903 2021 "21_QM__190QI" "QI"
"33" "189QI" 66.413 1.917 2.026 0.011 0.109 0.011 32.776 0.835 44.435 11.506 1.963 0.079 0.118 0.038 22.534 5.367 2021 "21_QM__189QI" "QI"
"34" "182QI" 60.676 4.749 2.017 0.037 0.12 0.017 30.13 2.845 45.321 8.162 1.882 0.162 0.128 0.022 23.954 2.671 2021 "21_QM__182QI" "QI"
"35" "188QI" 58.749 9.772 2.066 0.039 0.142 0.037 28.501 5.119 46.456 10.029 1.977 0.26 0.146 0.01 24.383 9.027 2021 "21_QM__188QI" "QI"
"36" "183QI" 66.792 2.258 1.993 0.026 0.131 0.024 33.511 1.229 33.74 2.932 2.067 0.22 0.167 0.035 16.557 2.94 2021 "21_QM__183QI" "QI"
"37" "184QI" 60.317 1.547 2.011 0.018 0.114 0.009 29.99 0.765 45.728 8.762 2.128 0.073 0.159 0.05 21.544 4.346 2021 "21_QM__184QI" "QI"
"38" "185QI" 60.587 1.856 2.016 0.034 0.122 0.003 30.061 1.282 40.514 3.403 2.052 0.064 0.15 0.013 19.727 1.283 2021 "21_QM__185QI" "QI"
"39" "173QI" 59.203 2.386 2.027 0.026 0.124 0.015 29.213 1.362 51.207 7.54 2.065 0.036 0.125 0.018 24.833 3.928 2021 "21_QM__173QI" "QI"
"40" "181QI" 66.518 4.027 2.02 0.03 0.12 0.014 32.96 2.416 45.174 6.651 2.032 0.031 0.126 0.012 22.212 3.103 2021 "21_QM__181QI" "QI"
"41" "187QI" 54.261 4.457 2.051 0.029 0.135 0.015 26.453 2.082 48.314 7.156 1.981 0.077 0.142 0.025 24.316 2.729 2021 "21_QM__187QI" "QI"
"42" "193CA" 26.815 5.822 2.04 0.151 0.469 0.155 13.154 2.757 41.408 1.872 1.656 0.161 0.134 0.01 25.186 2.659 2021 "21_QM__193CA" "CA"
"43" "242CA" 31.303 3.987 2.049 0.116 0.247 0.039 15.241 1.389 35.961 1.217 1.897 0.034 0.15 0.014 18.956 0.39 2021 "21_QM__242CA" "CA"
"44" "255CA" 19.493 5.032 1.955 0.109 0.325 0.072 10.094 3.074 37.485 2.913 1.742 0.035 0.141 0.013 21.531 1.895 2021 "21_QM__255CA" "CA"
"45" "256CA" 26.501 9.036 1.973 0.091 0.418 0.198 13.417 4.445 33.969 3.35 1.87 0.115 0.16 0.012 18.287 2.6 2021 "21_QM__256CA" "CA"
"46" "262CA" 26.365 10.754 1.82 0.382 0.412 0.157 13.03 3.9 39.017 2.478 1.823 0.149 0.15 0.013 21.559 2.826 2021 "21_QM__262CA" "CA"
"47" "264CA" 26.359 6.325 2.019 0.179 0.232 0.069 13.132 3.233 37.689 2.178 1.797 0.106 0.15 0.014 21.038 1.831 2021 "21_QM__264CA" "CA"
"48" "263CA" 24.236 3.713 1.876 0.23 0.291 0.041 12.957 1.546 35.523 1.665 1.827 0.013 0.149 0.01 19.447 1.036 2021 "21_QM__263CA" "CA"
"49" "279QI" 60.295 3.708 2.019 0.029 0.115 0.017 29.885 2.087 36.423 7.346 2.104 0.075 0.129 0.031 17.378 3.847 2021 "21_QM__279QI" "QI"
"50" "284QI" 61.846 5.531 2.021 0.026 0.117 0.018 30.593 2.631 45.916 11.586 2.144 0.106 0.126 0.018 21.44 5.401 2021 "21_QM__284QI" "QI"
"51" "278QI" 56.902 2.335 2.052 0.032 0.132 0.024 27.743 1.243 42.434 5.436 2.248 0.064 0.14 0.02 18.937 2.874 2021 "21_QM__278QI" "QI"
"52" "294QI" 59.043 4.417 1.908 0.144 0.117 0.024 31.095 3.507 54.722 5.803 2.06 0.03 0.126 0.021 26.578 2.984 2021 "21_QM__294QI" "QI"
"53" "281CA" 22.92 10.944 1.802 0.262 0.362 0.156 13.432 7.62 33.529 4.742 1.767 0.115 0.163 0.031 19.078 3.161 2021 "21_QM__281CA" "CA"
"54" "308QI" 53.483 2.417 2.051 0.025 0.155 0.021 26.085 1.467 49.572 3.133 2.07 0.036 0.132 0.01 23.973 1.812 2021 "21_QM__308QI" "QI"
"55" "311QI" 56.535 2.884 2.063 0.037 0.135 0.013 27.412 1.424 43.972 6.492 2.076 0.049 0.142 0.023 21.204 3.211 2021 "21_QM__311QI" "QI"
"56" "325QI" 54.456 3.45 2.031 0.064 0.139 0.021 26.792 1.009 45.314 1.971 2.058 0.021 0.138 0.012 22.02 1.099 2021 "21_QM__325QI" "QI"
"57" "340CA" 25.164 5.867 1.952 0.204 0.308 0.076 13.001 3.479 37.563 3 1.753 0.148 0.164 0.018 21.45 1.017 2021 "21_QM__340CA" "CA"
"58" "339CA" 23.572 2.612 2.035 0.216 0.302 0.045 11.722 2.001 36.464 1.072 1.822 0.029 0.172 0.014 20.022 0.807 2021 "21_QM__339CA" "CA"
"59" "341CA" 26.074 11.202 2.036 0.137 0.36 0.154 12.722 5.339 37.992 0.897 1.882 0.095 0.162 0.011 20.22 0.794 2021 "21_QM__341CA" "CA"
"60" "382CA" 30.498 4.347 1.79 0.203 0.262 0.078 17.427 4.448 38.582 1.45 1.807 0.052 0.144 0.01 21.354 0.727 2021 "21_QM__382CA" "CA"
"61" "335QI" 55.188 3.858 1.948 0.157 0.144 0.028 28.466 2.837 53.201 3.081 2.06 0.041 0.125 0.018 25.843 1.672 2021 "21_QM__335QI" "QI"
"62" "332QI" 53.952 4.423 2.004 0.05 0.146 0.012 26.932 2.207 45.875 0.931 2.084 0.026 0.158 0.011 22.018 0.708 2021 "21_QM__332QI" "QI"
"63" "363CA" 31.627 2.123 2.13 0.098 0.345 0.032 14.84 0.374 42.618 5.015 1.881 0.042 0.152 0.013 22.681 2.797 2021 "21_QM__363CA" "CA"
"64" "364CA" 18.427 4.781 1.836 0.242 0.372 0.097 9.893 1.545 39.093 3.448 1.734 0.094 0.159 0.014 22.601 2.454 2021 "21_QM__364CA" "CA"
"65" "366CA" 29.243 3.351 2.13 0.072 0.287 0.058 13.767 1.866 42.553 3.127 1.75 0.063 0.139 0.015 24.378 2.534 2021 "21_QM__366CA" "CA"
"66" "383CA" 31.887 3.09 1.987 0.213 0.229 0.058 16.341 3.477 35.039 5.164 1.747 0.043 0.178 0.024 20.067 3.039 2021 "21_QM__383CA" "CA"
"67" "384CA" 27.028 2.436 2.008 0.055 0.246 0.021 13.485 1.459 41.786 1.105 1.891 0.073 0.151 0.007 22.139 1.262 2021 "21_QM__384CA" "CA"
"68" "4CA" 28.37 11.101 1.906 0.125 0.42 0.192 14.84 5.832 40.256 3.803 1.895 0.032 0.158 0.009 21.238 1.925 2021 "21_QM__4CA" "CA"
"69" "5CA" 28.704 8.949 1.759 0.311 0.503 0.253 17.502 9.018 41.905 3.75 1.637 0.127 0.142 0.022 25.836 3.978 2021 "21_QM__5CA" "CA"
"70" "20CA" 29.434 10.431 1.82 0.225 0.32 0.161 16.559 6.367 40.111 4.085 1.695 0.097 0.151 0.008 23.72 2.714 2021 "21_QM__20CA" "CA"
"71" "167CA" NA NA NA NA NA NA NA NA NA NA NA NA NA NA NA NA 2021 "21_QM__167CA" "CA"
"110" "398QI" 52.754 3.527 1.947 0.056 0.149 0.025 27.09 1.571 37.408 0.679 1.808 0.098 0.139 0.007 20.726 0.796 2021 "21_QM__398QI" "QI"
"210" "426QI" 58.477 1.435 1.933 0.02 0.13 0.011 30.257 0.704 48.226 1.561 1.927 0.011 0.125 0.008 25.027 0.734 2021 "21_QM__426QI" "QI"
"310" "429CA" 35.633 5.756 2.055 0.07 0.264 0.032 17.434 3.511 33.761 1.894 1.936 0.062 0.215 0.017 17.471 1.466 2021 "21_QM__429CA" "CA"
"410" "430CA" 32.65 2.498 1.815 0.215 0.244 0.026 18.084 1.284 36.344 2.82 1.759 0.122 0.183 0.014 20.791 2.633 2021 "21_QM__430CA" "CA"
"510" "443CA" 48.033 5.056 1.941 0.092 0.272 0.043 24.77 2.531 33.433 1.57 1.855 0.171 0.225 0.02 18.134 1.661 2021 "21_QM__443CA" "CA"
"610" "457CA" 31.083 4.569 2.023 0.075 0.339 0.112 15.41 2.554 37.771 4.162 1.669 0.202 0.173 0.015 22.824 3.207 2021 "21_QM__457CA" "CA"
"72" "459QI" 53.031 2.592 1.97 0.041 0.162 0.018 26.935 1.624 42.764 2.598 1.989 0.04 0.175 0.022 21.501 1.367 2021 "21_QM__459QI" "QI"
"81" "464QI" 46.457 9.04 1.962 0.047 0.202 0.039 23.743 5.008 43.211 1.27 1.925 0.059 0.179 0.019 22.462 0.956 2021 "21_QM__464QI" "QI"
"91" "468QI" 65.456 5.659 1.927 0.034 0.132 0.022 33.977 3.038 59.232 6.139 1.979 0.029 0.132 0.019 29.964 3.492 2021 "21_QM__468QI" "QI"
"101" "469CA" 30.531 4.244 1.979 0.108 0.318 0.064 15.493 2.609 36.21 2.925 1.721 0.135 0.205 0.047 21.141 2.427 2021 "21_QM__469CA" "CA"
"111" "472CA" 22.783 11.096 1.946 0.151 0.372 0.139 11.421 5.069 47.928 2.028 1.759 0.048 0.145 0.007 27.253 1.236 2021 "21_QM__472CA" "CA"
"121" "473CA" 30.76 3.454 1.888 0.05 0.299 0.086 16.336 2.28 41.292 1.75 1.583 0.121 0.162 0.017 26.193 2.227 2021 "21_QM__473CA" "CA"
"131" "474QI" 55.906 5.123 1.965 0.057 0.182 0.056 28.481 2.824 44.141 3.421 1.866 0.246 0.153 0.014 24.014 3.775 2021 "21_QM__474QI" "QI"
"141" "475CA" 33.856 3.552 1.96 0.148 0.279 0.039 17.305 1.702 37.902 1.551 1.93 0.124 0.213 0.03 19.719 1.668 2021 "21_QM__475CA" "CA"
"151" "476QI" 56.609 3.401 2 0.051 0.166 0.012 28.343 2.198 48.895 2.883 1.918 0.036 0.149 0.017 25.501 1.486 2021 "21_QM__476QI" "QI"
"161" "480CA" 32.347 2.31 1.979 0.11 0.264 0.045 16.346 0.714 36.027 4.872 1.784 0.052 0.201 0.021 20.252 3.17 2021 "21_QM__480CA" "CA"
"171" "481CA" 32.361 8.288 2.014 0.04 0.326 0.089 16.06 4.132 39.89 2.455 1.835 0.076 0.169 0.013 21.755 1.345 2021 "21_QM__481CA" "CA"
"181" "482CA" 33.132 2.305 1.908 0.077 0.286 0.029 17.414 1.806 35.127 2.777 1.804 0.109 0.187 0.035 19.597 2.649 2021 "21_QM__482CA" "CA"
"191" "484CA" 24.556 2.777 1.946 0.084 0.348 0.034 12.632 1.448 34.049 3.885 1.78 0.078 0.196 0.03 19.206 2.761 2021 "21_QM__484CA" "CA"
"201" "491QI" 65.004 2.964 2.023 0.03 0.142 0.014 32.152 1.82 50.219 4.818 1.9 0.05 0.135 0.009 26.397 1.959 2021 "21_QM__491QI" "QI"
"211" "489QI" 65.35 1.387 2.001 0.034 0.14 0.015 32.661 0.75 57.713 7.973 1.958 0.017 0.144 0.014 29.486 4.16 2021 "21_QM__489QI" "QI"
"221" "490QI" 64.406 2.073 2.012 0.049 0.13 0.01 32.041 1.698 54.126 4.122 1.975 0.032 0.151 0.017 27.441 2.45 2021 "21_QM__490QI" "QI"
"231" "500CA" 24.659 10.345 1.755 0.151 0.431 0.135 13.755 4.856 43.094 2.438 1.686 0.079 0.148 0.02 25.58 1.582 2021 "21_QM__500CA" "CA"
"241" "503CA" 30.19 4.056 1.881 0.154 0.321 0.062 16.181 2.984 38.47 3.009 1.757 0.13 0.186 0.017 22.064 3.111 2021 "21_QM__503CA" "CA"
"251" "487CA" 27.952 5.073 2.046 0.17 0.331 0.169 13.757 2.972 41.807 3.188 1.764 0.028 0.172 0.022 23.707 1.982 2021 "21_QM__487CA" "CA"
"261" "506CA" 28.794 2.807 1.953 0.091 0.276 0.035 14.737 1.162 38.204 1.573 1.836 0.07 0.186 0.026 20.855 1.599 2021 "21_QM__506CA" "CA"
"271" "508CA" 31.091 1.614 1.922 0.137 0.285 0.018 16.256 1.695 40.188 2.187 1.739 0.142 0.177 0.01 23.26 2.512 2021 "21_QM__508CA" "CA"
"281" "509CA" 29.216 7.81 2.108 0.121 0.42 0.108 13.778 3.277 39.829 3.15 1.853 0.076 0.181 0.018 21.53 1.968 2021 "21_QM__509CA" "CA"
"291" "517QI" 65.498 12.039 1.902 0.057 0.115 0.011 34.363 5.925 55.945 2.452 1.925 0.031 0.123 0.018 29.085 1.693 2021 "21_QM__517QI" "QI"
"301" "518QI" 54.735 2.48 1.945 0.01 0.156 0.011 28.138 1.193 44.673 11.535 1.888 0.037 0.155 0.036 23.629 5.979 2021 "21_QM__518QI" "QI"
"311" "525QI" 59.387 5.951 1.968 0.036 0.151 0.05 30.213 3.334 53.368 2.793 1.928 0.043 0.152 0.011 27.677 1.32 2021 "21_QM__525QI" "QI"
"321" "527CA" 29.233 7.603 2.009 0.059 0.362 0.086 14.488 3.448 33.223 4.675 1.814 0.154 0.227 0.036 18.39 2.817 2021 "21_QM__527CA" "CA"
"331" "528CA" 28.125 4.097 1.878 0.177 0.36 0.031 14.943 1.399 36.869 4.768 1.568 0.154 0.179 0.027 22.887 1.146 2021 "21_QM__528CA" "CA"
"341" "547QI" 59.955 2.428 1.896 0.031 0.145 0.008 31.626 1.53 50.586 1.244 1.975 0.044 0.135 0.016 25.619 0.935 2021 "21_QM__547QI" "QI"
"351" "548QI" 54.132 3.049 1.912 0.018 0.148 0.018 28.309 1.375 47.708 2.257 1.959 0.037 0.136 0.005 24.373 1.511 2021 "21_QM__548QI" "QI"
"361" "551QI" 59.802 2.143 1.907 0.037 0.132 0.009 31.383 1.589 54.32 2.573 1.936 0.056 0.152 0.019 28.062 1.122 2021 "21_QM__551QI" "QI"
"371" "549QI" 55.211 4.062 1.957 0.046 0.176 0.029 28.25 2.511 50.948 1.744 1.986 0.017 0.149 0.007 25.657 0.904 2021 "21_QM__549QI" "QI"
"381" "615QI" 51.381 3.397 1.975 0.018 0.187 0.009 26.172 1.719 37.254 4.131 2.055 0.069 0.208 0.025 18.185 2.434 2021 "21_QM__615QI" "QI"
"391" "671QI" 47.066 2.677 2.01 0.015 0.181 0.021 23.419 1.293 44.798 4.714 1.976 0.032 0.168 0.016 22.674 2.445 2021 "21_QM__671QI" "QI"
"401" "667QI" 50.658 5.812 1.978 0.044 0.173 0.036 25.645 3.282 44.038 1.991 2.002 0.018 0.156 0.011 21.999 0.884 2021 "21_QM__667QI" "QI"
"411" "670QI" 45.639 3.03 1.977 0.018 0.174 0.02 23.083 1.513 50.84 2.159 1.956 0.015 0.135 0.009 25.991 1.075 2021 "21_QM__670QI" "QI"
"421" "645QI" 49.676 6.074 1.95 0.116 0.164 0.051 25.673 4.455 50.72 4.519 1.976 0.007 0.165 0.027 25.659 2.244 2021 "21_QM__645QI" "QI"
"431" "663CA" 32.827 3.993 1.817 0.078 0.241 0.04 18.05 1.885 39.461 2.979 1.64 0.128 0.159 0.013 24.241 3.133 2021 "21_QM__663CA" "CA"
"441" "664CA" 27.347 7.253 1.91 0.112 0.417 0.071 14.386 3.917 33.608 1.83 1.68 0.049 0.183 0.008 20.044 1.615 2021 "21_QM__664CA" "CA"
"451" "665CA" 53.371 7.017 1.925 0.022 0.173 0.032 27.716 3.576 47.705 2.399 1.886 0.047 0.15 0.021 25.327 1.748 2021 "21_QM__665CA" "CA"
"461" "678QI" 53.371 7.017 1.925 0.022 0.173 0.032 27.716 3.576 47.705 2.399 1.886 0.047 0.15 0.021 25.327 1.748 2021 "21_QM__678QI" "QI"
"471" "716CA" 27.225 5.209 1.987 0.145 0.319 0.063 13.709 2.607 34.339 4.124 1.715 0.123 0.204 0.028 20.104 2.841 2021 "21_QM__716CA" "CA"
"481" "717CA" 22.025 5.461 1.856 0.248 0.374 0.061 12.221 4.222 34.345 1.796 1.618 0.061 0.174 0.012 21.275 1.741 2021 "21_QM__717CA" "CA"
"491" "718CA" 25.975 12.725 1.944 0.094 0.305 0.093 13.427 6.763 38.236 2.431 1.887 0.101 0.182 0.016 20.317 1.819 2021 "21_QM__718CA" "CA"
"501" "719CA" 26.716 3.552 1.969 0.157 0.28 0.02 13.629 1.982 38.254 3.66 1.62 0.024 0.167 0.009 23.639 2.491 2021 "21_QM__719CA" "CA"
"511" "709CA" 28.315 3.071 1.842 0.1 0.246 0.022 15.439 2.261 38.3 5.671 1.692 0.047 0.176 0.022 22.648 3.41 2021 "21_QM__709CA" "CA"
"521" "708CA" 29.409 5.44 1.923 0.116 0.344 0.089 15.392 3.173 40.817 2.042 1.666 0.027 0.168 0.014 24.505 1.073 2021 "21_QM__708CA" "CA"
"531" "706QI" 48.401 1.719 2.003 0.05 0.22 0.016 24.179 1.177 46.506 3.849 1.972 0.028 0.189 0.019 23.589 2.059 2021 "21_QM__706QI" "QI"
"541" "707QI" 41.201 13 1.849 0.357 0.219 0.037 21.735 3.861 49.159 2.401 1.975 0.067 0.202 0.022 24.894 0.959 2021 "21_QM__707QI" "QI"
"551" "705QI" 62.485 3.597 2.016 0.026 0.128 0.028 30.984 1.472 56.198 4.061 1.953 0.027 0.122 0.012 28.792 2.387 2021 "21_QM__705QI" "QI"
"561" "704QI" 53.455 2.087 1.956 0.024 0.138 0.024 27.333 1.275 37.3 5.184 2.028 0.025 0.179 0.023 18.405 2.677 2021 "21_QM__704QI" "QI"
"571" "695CA" 24.886 10.133 1.723 0.215 0.376 0.19 15.444 7.409 43.563 3.221 1.66 0.161 0.158 0.018 26.392 2.613 2021 "21_QM__695CA" "CA"
"581" "696CA" 29.2 7.382 1.916 0.073 0.248 0.048 15.283 3.971 36.032 2.959 1.774 0.042 0.166 0.033 20.323 1.779 2021 "21_QM__696CA" "CA"
"591" "698QI" 50.1 5.913 2.028 0.055 0.151 0.029 24.718 2.96 53.027 3.301 1.945 0.03 0.151 0.015 27.264 1.742 2021 "21_QM__698QI" "QI"
"601" "385CA" NA NA NA NA NA NA NA NA NA NA NA NA NA NA NA NA 2021 "21_QM__385CA" "CA"
"611" "486QI" NA NA NA NA NA NA NA NA NA NA NA NA NA NA NA NA 2021 "21_QM__486QI" "QI"
"621" "400QI" NA NA NA NA NA NA NA NA 46.018 1.326 1.939 0.043 0.149 0.009 23.737 0.675 2021 "21_QM__400QI" "QI"
"631" "401QI" NA NA NA NA NA NA NA NA 51.315 2.226 1.967 0.099 0.145 0.01 26.143 1.849 2021 "21_QM__401QI" "QI"
"137" "137QI" 36.845 2.632 1.651 0.05 0.18 0.018 22.342 1.948 32.503 10.759 1.694 0.078 0.2 0.014 18.999 5.815 2022 "22_QM__137QI" "QI"
"212" "136QI" 38.76 1.739 1.556 0.089 0.173 0.01 24.963 1.912 33.985 7.261 1.72 0.039 0.213 0.045 19.716 4.012 2022 "22_QM__136QI" "QI"
"312" "103QI" 34.913 1.44 1.703 0.183 0.206 0.041 20.685 2.53 39.728 3.594 1.719 0.05 0.22 0.058 23.133 2.206 2022 "22_QM__103QI" "QI"
"412" "25QI" 35.035 2.252 1.85 0.045 0.219 0.021 18.961 1.566 42.752 3.387 1.74 0.015 0.171 0.023 24.574 2.07 2022 "22_QM__25QI" "QI"
"512" "20CA" 31.752 3.839 1.632 0.428 0.278 0.013 20.471 7.726 15.793 3.423 1.311 0.209 0.3 0.018 11.959 1.285 2022 "22_QM__20CA" "CA"
"612" "332QI" 45.61 2.119 1.754 0.04 0.22 0.012 26.036 1.663 46.862 5.782 1.76 0.028 0.18 0.023 26.666 3.675 2022 "22_QM__332QI" "QI"
"711" "335QI" 50.978 1.626 1.74 0.011 0.198 0.004 29.299 0.94 38.932 1.624 1.717 0.041 0.192 0.016 22.683 1.063 2022 "22_QM__335QI" "QI"
"811" "4CA" NA NA NA NA NA NA NA NA NA NA NA NA NA NA NA NA 2022 "22_QM__4CA" "CA"
"910" "5CA" NA NA NA NA NA NA NA NA NA NA NA NA NA NA NA NA 2022 "22_QM__5CA" "CA"
"1010" "94CA" NA NA NA NA NA NA NA NA 19.426 1.086 1.85 0.289 0.266 0.01 10.722 1.922 2022 "22_QM__94CA" "CA"
"1110" "95CA" NA NA NA NA NA NA NA NA NA NA NA NA NA NA NA NA 2022 "22_QM__95CA" "CA"
"1210" "36CA" NA NA NA NA NA NA NA NA 13.976 5.476 1.378 0.127 0.24 0.012 10.09 3.601 2022 "22_QM__36CA" "CA"
"138" "42CA" NA NA NA NA NA NA NA NA 24.687 6.456 1.728 0.198 0.26 0.021 14.14 2.666 2022 "22_QM__42CA" "CA"
"142" "61QI" NA NA NA NA NA NA NA NA 37.086 7.244 1.717 0.054 0.201 0.027 21.699 4.732 2022 "22_QM__61QI" "QI"
"152" "62QI" NA NA NA NA NA NA NA NA 42.76 3.508 1.66 0.155 0.172 0.013 25.869 2.367 2022 "22_QM__62QI" "QI"
"162" "63QI" NA NA NA NA NA NA NA NA 41.62 0.835 1.706 0.089 0.208 0.031 24.463 1.626 2022 "22_QM__63QI" "QI"
"172" "64QI" NA NA NA NA NA NA NA NA 37.8 3.887 1.71 0.041 0.212 0.011 22.114 2.318 2022 "22_QM__64QI" "QI"
"182" "65QI" NA NA NA NA NA NA NA NA 41.839 6.679 1.774 0.033 0.216 0.029 23.643 4.209 2022 "22_QM__65QI" "QI"
"192" "66QI" NA NA NA NA NA NA NA NA 37.304 17.302 1.593 0.3 0.188 0.043 22.127 8.843 2022 "22_QM__66QI" "QI"
"202" "67QI" NA NA NA NA NA NA NA NA 41.446 4.593 1.735 0.025 0.198 0.012 23.883 2.52 2022 "22_QM__67QI" "QI"
"213" "92CA" NA NA NA NA NA NA NA NA 25.611 4.418 1.571 0.193 0.239 0.017 16.496 3.332 2022 "22_QM__92CA" "CA"
"222" "93CA" NA NA NA NA NA NA NA NA 14.343 10.129 1.604 0.328 0.283 0.022 8.275 5.295 2022 "22_QM__93CA" "CA"
"232" "153CA" NA NA NA NA NA NA NA NA NA NA NA NA NA NA NA NA 2022 "22_QM__153CA" "CA"
"242" "157CA" NA NA NA NA NA NA NA NA 15.972 7.253 1.373 0.308 0.308 0.061 13.052 9.7 2022 "22_QM__157CA" "CA"
"252" "96CA" NA NA NA NA NA NA NA NA NA NA NA NA NA NA NA NA 2022 "22_QM__96CA" "CA"
"262" "97CA" NA NA NA NA NA NA NA NA 11.366 0 0.831 0 0.349 0 13.672 0 2022 "22_QM__97CA" "CA"
"272" "168QI" NA NA NA NA NA NA NA NA 43.335 6.172 1.71 0.024 0.178 0.016 25.385 3.931 2022 "22_QM__168QI" "QI"
"282" "116CA" NA NA NA NA NA NA NA NA 5.948 5.002 1.283 0.14 0.289 0.042 4.959 4.569 2022 "22_QM__116CA" "CA"
"292" "117CA" NA NA NA NA NA NA NA NA 13.297 6.21 1.616 0.334 0.308 0.041 7.827 2.94 2022 "22_QM__117CA" "CA"
"302" "120QI" NA NA NA NA NA NA NA NA 32.895 17.482 1.64 0.278 0.191 0.016 18.791 9.68 2022 "22_QM__120QI" "QI"
"313" "123QI" NA NA NA NA NA NA NA NA 29.374 13.841 1.616 0.265 0.16 0.055 17.243 7.184 2022 "22_QM__123QI" "QI"
"322" "183QI" NA NA NA NA NA NA NA NA 42.47 4.261 1.723 0.088 0.191 0.033 24.751 3.346 2022 "22_QM__183QI" "QI"
"332" "184QI" NA NA NA NA NA NA NA NA 44.092 4.736 1.705 0.041 0.186 0.026 25.898 3.102 2022 "22_QM__184QI" "QI"
"342" "144CA" NA NA NA NA NA NA NA NA NA NA NA NA NA NA NA NA 2022 "22_QM__144CA" "CA"
"352" "152QI" NA NA NA NA NA NA NA NA 44.897 1.607 1.726 0.028 0.187 0.006 26.021 1.145 2022 "22_QM__152QI" "QI"
"362" "187QI" NA NA NA NA NA NA NA NA 39.33 12.209 1.738 0.041 0.209 0.061 22.765 7.314 2022 "22_QM__187QI" "QI"
"372" "188QI" NA NA NA NA NA NA NA NA 42.709 1.967 1.731 0.035 0.2 0.012 24.674 0.995 2022 "22_QM__188QI" "QI"
"382" "164CA" NA NA NA NA NA NA NA NA 21.441 1.011 1.401 0.178 0.246 0.024 15.518 2.211 2022 "22_QM__164CA" "CA"
"392" "167CA" NA NA NA NA NA NA NA NA NA NA NA NA NA NA NA NA 2022 "22_QM__167CA" "CA"
"402" "193CA" NA NA NA NA NA NA NA NA NA NA NA NA NA NA NA NA 2022 "22_QM__193CA" "CA"
"413" "169QI" NA NA NA NA NA NA NA NA 39.347 1.193 1.666 0.063 0.188 0.014 23.645 1.038 2022 "22_QM__169QI" "QI"
"422" "173QI" NA NA NA NA NA NA NA NA 41.735 3.031 1.691 0.073 0.21 0.01 24.664 1.004 2022 "22_QM__173QI" "QI"
"432" "181QI" NA NA NA NA NA NA NA NA 43.527 2.826 1.674 0.032 0.19 0.014 26.01 1.798 2022 "22_QM__181QI" "QI"
"442" "182QI" NA NA NA NA NA NA NA NA 46.234 3.284 1.7 0.073 0.186 0.022 27.248 2.375 2022 "22_QM__182QI" "QI"
"452" "263CA" NA NA NA NA NA NA NA NA NA NA NA NA NA NA NA NA 2022 "22_QM__263CA" "CA"
"462" "264CA" NA NA NA NA NA NA NA NA 16.362 6.598 1.682 0.063 0.334 0.027 9.766 3.997 2022 "22_QM__264CA" "CA"
"472" "185QI" NA NA NA NA NA NA NA NA 47.647 4.704 1.729 0.033 0.165 0.05 27.559 2.742 2022 "22_QM__185QI" "QI"
"482" "186QI" NA NA NA NA NA NA NA NA 38.09 10.739 1.68 0.035 0.204 0.043 22.586 6.116 2022 "22_QM__186QI" "QI"
"492" "281CA" NA NA NA NA NA NA NA NA 36.384 8.091 1.555 0.095 0.158 0.031 23.524 5.676 2022 "22_QM__281CA" "CA"
"502" "284QI" NA NA NA NA NA NA NA NA 48.339 6.918 1.395 0.619 0.162 0.018 59.772 70.88 2022 "22_QM__284QI" "QI"
"513" "189QI" NA NA NA NA NA NA NA NA 38.974 1.841 1.708 0.058 0.203 0.007 22.841 1.217 2022 "22_QM__189QI" "QI"
"522" "190QI" NA NA NA NA NA NA NA NA 37.831 7.463 1.711 0.067 0.196 0.026 22.227 4.905 2022 "22_QM__190QI" "QI"
"532" "311QI" NA NA NA NA NA NA NA NA 40.552 2.975 1.674 0.094 0.196 0.016 24.332 2.85 2022 "22_QM__311QI" "QI"
"542" "242CA" NA NA NA NA NA NA NA NA 25.349 9.12 1.247 0.128 0.258 0.053 20.114 5.867 2022 "22_QM__242CA" "CA"
"552" "255CA" NA NA NA NA NA NA NA NA 17.141 3.415 1.493 0.287 0.288 0.027 11.91 3.794 2022 "22_QM__255CA" "CA"
"562" "256CA" NA NA NA NA NA NA NA NA NA NA NA NA NA NA NA NA 2022 "22_QM__256CA" "CA"
"572" "262CA" NA NA NA NA NA NA NA NA 21.933 3.429 1.367 0.347 0.262 0.027 16.87 4.96 2022 "22_QM__262CA" "CA"
"582" "340CA" NA NA NA NA NA NA NA NA 30.96 7.348 1.469 0.434 0.21 0.026 24.052 13.817 2022 "22_QM__340CA" "CA"
"592" "341CA" NA NA NA NA NA NA NA NA 43.253 4.118 1.667 0.08 0.2 0.011 25.976 2.583 2022 "22_QM__341CA" "CA"
"602" "278QI" NA NA NA NA NA NA NA NA 41.873 2.94 1.715 0.033 0.19 0.012 24.439 2.021 2022 "22_QM__278QI" "QI"
"613" "279QI" NA NA NA NA NA NA NA NA 44.125 3.618 1.644 0.122 0.164 0.025 26.882 1.784 2022 "22_QM__279QI" "QI"
"622" "366CA" NA NA NA NA NA NA NA NA 28.311 12.691 1.525 0.1 0.206 0.02 18.756 9.134 2022 "22_QM__366CA" "CA"
"632" "382CA" NA NA NA NA NA NA NA NA 31.71 4.029 1.61 0.089 0.216 0.02 19.757 2.809 2022 "22_QM__382CA" "CA"
"641" "294QI" NA NA NA NA NA NA NA NA 44.516 10.03 1.655 0.045 0.18 0.018 26.91 6.199 2022 "22_QM__294QI" "QI"
"651" "308QI" NA NA NA NA NA NA NA NA 38.377 5.917 1.642 0.098 0.197 0.025 23.437 3.7 2022 "22_QM__308QI" "QI"
"661" "385CA" NA NA NA NA NA NA NA NA 35.068 7.103 1.539 0.133 0.213 0.046 23.145 5.845 2022 "22_QM__385CA" "CA"
"671" "325QI" NA NA NA NA NA NA NA NA 41.155 5.518 1.672 0.072 0.202 0.03 24.555 2.589 2022 "22_QM__325QI" "QI"
"681" "400QI" NA NA NA NA NA NA NA NA 30.96 7.348 1.469 0.434 0.21 0.026 24.052 13.817 2022 "22_QM__400QI" "QI"
"691" "401QI" NA NA NA NA NA NA NA NA 39.745 6.466 1.72 0.034 0.24 0.065 23.101 3.607 2022 "22_QM__401QI" "QI"
"701" "339CA" NA NA NA NA NA NA NA NA 33.232 14.007 1.77 0.113 0.291 0.043 18.992 8.559 2022 "22_QM__339CA" "CA"
"712" "429CA" NA NA NA NA NA NA NA NA NA NA NA NA NA NA NA NA 2022 "22_QM__429CA" "CA"
"721" "430CA" NA NA NA NA NA NA NA NA NA NA NA NA NA NA NA NA 2022 "22_QM__430CA" "CA"
"73" "363CA" NA NA NA NA NA NA NA NA 30.4 3.146 1.688 0.049 0.244 0.032 17.996 1.584 2022 "22_QM__363CA" "CA"
"74" "364CA" NA NA NA NA NA NA NA NA 32.348 17.989 1.566 0.153 0.26 0.037 20.227 10.368 2022 "22_QM__364CA" "CA"
"75" "459QI" NA NA NA NA NA NA NA NA 40.552 2.975 1.674 0.094 0.196 0.016 24.332 2.85 2022 "22_QM__459QI" "QI"
"76" "464QI" NA NA NA NA NA NA NA NA 42.374 6.98 1.777 0.06 0.234 0.034 23.93 4.482 2022 "22_QM__464QI" "QI"
"77" "383CA" NA NA NA NA NA NA NA NA 36.5 3.251 1.549 0.078 0.195 0.011 23.611 2.325 2022 "22_QM__383CA" "CA"
"78" "384CA" NA NA NA NA NA NA NA NA 27.54 10.965 1.588 0.186 0.238 0.024 16.841 5.901 2022 "22_QM__384CA" "CA"
"79" "472CA" NA NA NA NA NA NA NA NA 36.384 8.091 1.555 0.095 0.158 0.031 23.524 5.676 2022 "22_QM__472CA" "CA"
"80" "398QI" NA NA NA NA NA NA NA NA 33.232 14.007 1.77 0.113 0.291 0.043 18.992 8.559 2022 "22_QM__398QI" "QI"
"812" "474QI" NA NA NA NA NA NA NA NA 50.01 2.871 1.786 0.067 0.163 0.008 28.043 2.103 2022 "22_QM__474QI" "QI"
"82" "475CA" NA NA NA NA NA NA NA NA 48.339 6.918 1.395 0.619 0.162 0.018 59.772 70.88 2022 "22_QM__475CA" "CA"
"83" "426QI" NA NA NA NA NA NA NA NA 38.377 5.917 1.642 0.098 0.197 0.025 23.437 3.7 2022 "22_QM__426QI" "QI"
"84" "476QI" NA NA NA NA NA NA NA NA 46.808 11.767 1.871 0.192 0.169 0.038 25.593 8.412 2022 "22_QM__476QI" "QI"
"85" "473CA" NA NA NA NA NA NA NA NA NA NA NA NA NA NA NA NA 2022 "22_QM__473CA" "CA"
"86" "443CA" NA NA NA NA NA NA NA NA NA NA NA NA NA NA NA NA 2022 "22_QM__443CA" "CA"
"87" "457CA" NA NA NA NA NA NA NA NA NA NA NA NA NA NA NA NA 2022 "22_QM__457CA" "CA"
"88" "468QI" NA NA NA NA NA NA NA NA 44.516 10.03 1.655 0.045 0.18 0.018 26.91 6.199 2022 "22_QM__468QI" "QI"
"89" "469CA" NA NA NA NA NA NA NA NA NA NA NA NA NA NA NA NA 2022 "22_QM__469CA" "CA"
"1101" "698QI" 48.106 13.206 1.796 0.162 0.253 0.119 27.33 8.581 45.609 17.986 1.647 0.269 0.18 0.025 26.612 8.434 2022 "22_QM__698QI" "QI"
"2101" "706QI" 43.879 4.556 1.752 0.027 0.23 0.03 25.05 2.651 38.681 6.542 1.702 0.054 0.211 0.027 22.736 3.882 2022 "22_QM__706QI" "QI"
"3101" "707QI" 23.756 2.613 1.976 0.038 0.392 0.042 12.04 1.519 40.115 4.465 1.71 0.032 0.217 0.019 23.5 2.981 2022 "22_QM__707QI" "QI"
"4101" "678QI" 46.022 0 1.718 0 0.2 0 26.783 0 39.53 1.748 1.709 0.066 0.244 0.019 23.174 1.537 2022 "22_QM__678QI" "QI"
"5101" "667QI" 41.49 3.473 1.763 0.082 0.272 0.045 23.601 2.502 43.271 2.139 1.72 0.029 0.2 0.006 25.175 1.583 2022 "22_QM__667QI" "QI"
"6101" "671QI" 40.213 10.39 1.737 0.057 0.339 0.095 23.164 5.874 39.839 3.232 1.716 0.02 0.215 0.027 23.234 2.037 2022 "22_QM__671QI" "QI"
"710" "670QI" 37.706 4.08 1.722 0.038 0.274 0.023 21.883 2.071 43.42 1.69 1.691 0.032 0.202 0.018 25.691 1.183 2022 "22_QM__670QI" "QI"
"810" "491QI" 36.111 1.852 1.774 0.059 0.325 0.036 20.366 1.069 38.973 3.943 1.802 0.043 0.204 0.019 21.65 2.379 2022 "22_QM__491QI" "QI"
"911" "480CA" NA NA NA NA NA NA NA NA 26.757 0.095 1.527 0.038 0.219 0.019 17.53 0.37 2022 "22_QM__480CA" "CA"
"1011" "481CA" NA NA NA NA NA NA NA NA 20.757 5.284 1.403 0.259 0.221 0.026 14.876 2.999 2022 "22_QM__481CA" "CA"
"1111" "482CA" NA NA NA NA NA NA NA NA NA NA NA NA NA NA NA NA 2022 "22_QM__482CA" "CA"
"1211" "484CA" NA NA NA NA NA NA NA NA NA NA NA NA NA NA NA NA 2022 "22_QM__484CA" "CA"
"1311" "486QI" NA NA NA NA NA NA NA NA 34.017 2.074 1.74 0.044 0.229 0.018 19.556 1.112 2022 "22_QM__486QI" "QI"
"1411" "487CA" NA NA NA NA NA NA NA NA NA NA NA NA NA NA NA NA 2022 "22_QM__487CA" "CA"
"1511" "489QI" NA NA NA NA NA NA NA NA 43.086 5.374 1.704 0.059 0.213 0.022 25.237 2.521 2022 "22_QM__489QI" "QI"
"1611" "490QI" NA NA NA NA NA NA NA NA 38.156 3.797 1.511 0.449 0.212 0.017 28.989 15.939 2022 "22_QM__490QI" "QI"
"1711" "549QI" NA NA NA NA NA NA NA NA 43.982 4.648 1.72 0.022 0.19 0.013 25.602 3.012 2022 "22_QM__549QI" "QI"
"1811" "500CA" NA NA NA NA NA NA NA NA NA NA NA NA NA NA NA NA 2022 "22_QM__500CA" "CA"
"1911" "503CA" NA NA NA NA NA NA NA NA NA NA NA NA NA NA NA NA 2022 "22_QM__503CA" "CA"
"2011" "506CA" NA NA NA NA NA NA NA NA 20.033 0.844 1.466 0.232 0.305 0.04 13.928 2.233 2022 "22_QM__506CA" "CA"
"2111" "508CA" NA NA NA NA NA NA NA NA NA NA NA NA NA NA NA NA 2022 "22_QM__508CA" "CA"
"2211" "509CA" NA NA NA NA NA NA NA NA NA NA NA NA NA NA NA NA 2022 "22_QM__509CA" "CA"
"2311" "517QI" NA NA NA NA NA NA NA NA 40.619 2.697 1.662 0.041 0.173 0.017 24.425 1.225 2022 "22_QM__517QI" "QI"
"2411" "518QI" NA NA NA NA NA NA NA NA 35.441 5.821 1.664 0.048 0.213 0.037 21.313 3.478 2022 "22_QM__518QI" "QI"
"2511" "525QI" NA NA NA NA NA NA NA NA 44.296 5.364 1.704 0.055 0.205 0.022 25.977 2.778 2022 "22_QM__525QI" "QI"
"2611" "527CA" NA NA NA NA NA NA NA NA NA NA NA NA NA NA NA NA 2022 "22_QM__527CA" "CA"
"2711" "528CA" NA NA NA NA NA NA NA NA NA NA NA NA NA NA NA NA 2022 "22_QM__528CA" "CA"
"2811" "547QI" NA NA NA NA NA NA NA NA 39.484 1.801 1.696 0.038 0.195 0.019 23.308 1.557 2022 "22_QM__547QI" "QI"
"2911" "548QI" NA NA NA NA NA NA NA NA 40.715 5.75 1.7 0.047 0.203 0.026 23.904 2.959 2022 "22_QM__548QI" "QI"
"3011" "663CA" NA NA NA NA NA NA NA NA 37.721 3.262 1.644 0.049 0.214 0.045 22.981 2.287 2022 "22_QM__663CA" "CA"
"3111" "551QI" NA NA NA NA NA NA NA NA 38.952 4.783 1.749 0.033 0.202 0.02 22.313 3.085 2022 "22_QM__551QI" "QI"
"3211" "615QI" NA NA NA NA NA NA NA NA 38.428 2.594 1.748 0.035 0.215 0.017 21.999 1.602 2022 "22_QM__615QI" "QI"
"3311" "645QI" NA NA NA NA NA NA NA NA 40.141 1.73 1.67 0.032 0.208 0.012 24.056 1.478 2022 "22_QM__645QI" "QI"
"3411" "717CA" NA NA NA NA NA NA NA NA 31.746 3.42 1.605 0.107 0.241 0.028 19.929 3.216 2022 "22_QM__717CA" "CA"
"3511" "664CA" NA NA NA NA NA NA NA NA 30.7 1.948 1.53 0.065 0.216 0.024 20.063 0.857 2022 "22_QM__664CA" "CA"
"3611" "665CA" NA NA NA NA NA NA NA NA 31.883 3.32 1.569 0.085 0.28 0.049 20.341 2.063 2022 "22_QM__665CA" "CA"
"3711" "716CA" NA NA NA NA NA NA NA NA 32.829 3.853 1.535 0.144 0.222 0.023 21.499 3.062 2022 "22_QM__716CA" "CA"
"3811" "696CA" NA NA NA NA NA NA NA NA 36.37 3.257 1.659 0.067 0.218 0.036 21.976 2.489 2022 "22_QM__696CA" "CA"
"3911" "718CA" NA NA NA NA NA NA NA NA 34.677 2.233 1.642 0.072 0.215 0.015 21.177 2.095 2022 "22_QM__718CA" "CA"
"4011" "719CA" NA NA NA NA NA NA NA NA 26.421 3.787 1.744 0.108 0.286 0.019 15.142 1.895 2022 "22_QM__719CA" "CA"
"4111" "695CA" NA NA NA NA NA NA NA NA 37.627 5.186 1.479 0.073 0.196 0.009 25.502 3.755 2022 "22_QM__695CA" "CA"
"4211" "704QI" NA NA NA NA NA NA NA NA 41.015 3.515 1.693 0.052 0.198 0.015 24.291 2.823 2022 "22_QM__704QI" "QI"
"4311" "705QI" NA NA NA NA NA NA NA NA 53.599 2.234 1.747 0.014 0.17 0.011 30.691 1.528 2022 "22_QM__705QI" "QI"
"4411" "708CA" NA NA NA NA NA NA NA NA 35.33 3.663 1.599 0.049 0.218 0.012 22.126 2.562 2022 "22_QM__708CA" "CA"
"4511" "709CA" NA NA NA NA NA NA NA NA 26.65 6.868 1.576 0.087 0.287 0.058 16.887 4.257 2022 "22_QM__709CA" "CA"
"139" "398QI" 53.407 1.572 1.792 0.026 0.261 0.019 29.797 0.803 22.386 3.485 2.05 0.049 0.344 0.025 10.907 1.58 2023 "23_QM__398QI" "QI"
"214" "426QI" 49.036 6.578 1.845 0.02 0.236 0.012 26.579 3.621 NA NA NA NA NA NA NA NA 2023 "23_QM__426QI" "QI"
"314" "468QI" 51.953 5.309 1.834 0.093 0.261 0.041 28.411 3.448 31.446 4.433 1.936 0.162 0.273 0.036 16.411 3.254 2023 "23_QM__468QI" "QI"
"414" "474QI" 41.424 3.549 1.835 0.032 0.3 0.031 22.577 1.934 13.04 0.582 2.083 0.017 0.386 0.005 6.26 0.272 2023 "23_QM__474QI" "QI"
"514" "476QI" 47.391 6.59 1.877 0.075 0.242 0.015 25.198 2.937 40.777 4.621 1.863 0.034 0.25 0.012 21.901 2.588 2023 "23_QM__476QI" "QI"
"614" "486QI" 40.225 5.479 1.84 0.054 0.303 0.053 21.935 3.431 NA NA NA NA NA NA NA NA 2023 "23_QM__486QI" "QI"
"713" "489QI" 52.532 2.625 1.902 0.035 0.257 0.013 27.632 1.638 17.67 1.56 2.059 0.059 0.344 0.009 8.576 0.653 2023 "23_QM__489QI" "QI"
"813" "490QI" 49.432 1.896 1.862 0.034 0.263 0.031 26.544 0.822 19.619 1.875 2.031 0.023 0.334 0.03 9.659 0.878 2023 "23_QM__490QI" "QI"
"912" "491QI" 50.34 7.521 1.914 0.054 0.276 0.036 26.255 3.469 21.473 6.189 2.11 0.188 0.309 0.044 10.24 2.934 2023 "23_QM__491QI" "QI"
"1012" "549QI" 50.34 7.521 1.914 0.054 0.276 0.036 26.255 3.469 65.832 5.381 1.782 0.047 0.216 0.007 36.962 3.243 2023 "23_QM__549QI" "QI"
"1112" "517QI" 65.832 5.381 1.782 0.047 0.216 0.007 36.962 3.243 NA NA NA NA NA NA NA NA 2023 "23_QM__517QI" "QI"
"1212" "525QI" 52.256 2.347 1.828 0.049 0.252 0.015 28.594 1.126 NA NA NA NA NA NA NA NA 2023 "23_QM__525QI" "QI"
"1310" "547QI" 44.007 2.581 1.773 0.046 0.292 0.039 24.847 1.732 13.052 1.708 1.764 0.72 0.404 0.058 8.81 4.615 2023 "23_QM__547QI" "QI"
"143" "548QI" 47.645 3.051 1.825 0.023 0.252 0.021 26.129 1.939 36.487 7.719 1.949 0.047 0.268 0.032 18.777 4.184 2023 "23_QM__548QI" "QI"
"153" "551QI" 46.489 7.277 1.832 0.203 0.276 0.026 25.335 2.422 14.218 1.38 2.012 0.364 NA NA 7.29 1.764 2023 "23_QM__551QI" "QI"
"163" "615QI" 39.052 11.151 1.777 0.129 0.262 0.011 21.791 5.733 NA NA NA NA NA NA NA NA 2023 "23_QM__615QI" "QI"
"173" "645QI" 44.588 5.378 1.788 0.037 0.259 0.023 24.905 2.658 NA NA NA NA NA NA NA NA 2023 "23_QM__645QI" "QI"
"183" "667QI" 49.017 3.699 1.834 0.067 0.26 0.011 26.728 1.827 NA NA NA NA NA NA NA NA 2023 "23_QM__667QI" "QI"
"193" "670QI" 44.882 2.53 1.811 0.092 0.26 0.025 24.827 1.81 NA NA NA NA NA NA NA NA 2023 "23_QM__670QI" "QI"
"203" "671QI" 47.094 4.753 1.846 0.037 0.265 0.017 25.525 2.626 NA NA NA NA NA NA NA NA 2023 "23_QM__671QI" "QI"
"215" "678QI" 44.189 5.304 1.811 0.061 0.275 0.019 24.395 2.837 NA NA NA NA NA NA NA NA 2023 "23_QM__678QI" "QI"
"223" "707QI" 46.889 6.667 1.854 0.026 0.286 0.052 25.273 3.355 NA NA NA NA NA NA NA NA 2023 "23_QM__707QI" "QI"
"233" "706QI" 46.15 4.875 1.851 0.049 0.269 0.015 24.91 2.207 NA NA NA NA NA NA NA NA 2023 "23_QM__706QI" "QI"
"243" "332QI" 52.773 4.76 1.807 0.007 0.274 0.016 29.2 2.554 NA NA NA NA NA NA NA NA 2023 "23_QM__332QI" "QI"
"253" "335QI" 53.552 3.245 1.83 0.012 0.262 0.02 29.256 1.626 NA NA NA NA NA NA NA NA 2023 "23_QM__335QI" "QI"
"263" "325QI" 47.843 2.227 1.53 0.454 0.232 0.041 35.493 17.899 NA NA NA NA NA NA NA NA 2023 "23_QM__325QI" "QI"
"273" "311QI" 47.876 4.502 1.595 0.485 0.244 0.015 33.398 14.009 NA NA NA NA NA NA NA NA 2023 "23_QM__311QI" "QI"
"283" "308QI" 46.024 4.259 1.795 0.06 0.265 0.016 25.71 3.075 NA NA NA NA NA NA NA NA 2023 "23_QM__308QI" "QI"
"293" "294QI" 48.993 5.863 1.779 0.045 0.241 0.016 27.536 3.272 NA NA NA NA NA NA NA NA 2023 "23_QM__294QI" "QI"
"303" "278QI" 58.542 2.222 1.833 0.023 0.206 0.013 31.95 1.483 NA NA NA NA NA NA NA NA 2023 "23_QM__278QI" "QI"
"315" "279QI" 56.805 2.429 1.859 0.044 0.202 0.012 30.572 1.297 NA NA NA NA NA NA NA NA 2023 "23_QM__279QI" "QI"
"323" "284QI" 55.63 1.78 1.817 0.047 0.214 0.01 30.626 0.745 NA NA NA NA NA NA NA NA 2023 "23_QM__284QI" "QI"
"333" "137QI" 55.95 2.287 1.747 0.045 0.232 0.014 32.055 1.855 NA NA NA NA NA NA NA NA 2023 "23_QM__137QI" "QI"
"343" "136QI" 53.957 5.534 1.771 0.031 0.22 0.018 30.491 3.378 NA NA NA NA NA NA NA NA 2023 "23_QM__136QI" "QI"
"353" "123QI" 59.532 3.572 1.806 0.018 0.218 0.015 32.966 2.073 NA NA NA NA NA NA NA NA 2023 "23_QM__123QI" "QI"
"363" "120QI" 49.59 17.588 1.704 0.106 0.212 0.056 28.664 9.107 16.271 4.333 1.859 0.063 0.35 0.053 8.732 2.209 2023 "23_QM__120QI" "QI"
"373" "103QI" 43.123 8.555 1.732 0.125 0.257 0.029 24.912 4.939 NA NA NA NA NA NA NA NA 2023 "23_QM__103QI" "QI"
"383" "401QI" NA NA NA NA NA NA NA NA 22.93 4.087 2.024 0.126 0.332 0.041 11.307 1.686 2023 "23_QM__401QI" "QI"
"393" "400QI" NA NA NA NA NA NA NA NA 35.523 3.831 1.901 0.044 0.278 0.015 18.724 2.289 2023 "23_QM__400QI" "QI"
"403" "340CA" NA NA NA NA NA NA NA NA 17.367 2.544 1.545 0.031 0.337 0.008 11.261 1.872 2023 "23_QM__340CA" "CA"
"415" "459QI" NA NA NA NA NA NA NA NA 18.299 3.271 2.056 0.097 0.366 0.067 8.913 1.598 2023 "23_QM__459QI" "QI"
"423" "464QI" NA NA NA NA NA NA NA NA 17.746 2.362 1.977 0.098 0.375 0.039 8.989 1.219 2023 "23_QM__464QI" "QI"
"433" "718CA" NA NA NA NA NA NA NA NA 33.953 3.671 1.731 0.166 0.291 0.033 19.752 2.885 2023 "23_QM__718CA" "CA"
"443" "719CA" NA NA NA NA NA NA NA NA 34.254 4.995 1.58 0.241 0.316 0.062 21.912 3.402 2023 "23_QM__719CA" "CA"
"453" "708CA" NA NA NA NA NA NA NA NA 35.367 8.065 1.809 0.064 0.347 0.081 19.506 4.032 2023 "23_QM__708CA" "CA"
"463" "717CA" NA NA NA NA NA NA NA NA 41.826 21.092 1.581 0.07 0.317 0.05 26.39 12.884 2023 "23_QM__717CA" "CA"
"473" "716CA" NA NA NA NA NA NA NA NA 37.568 6.536 1.512 0.138 0.356 0.103 25.208 5.703 2023 "23_QM__716CA" "CA"
"483" "366CA" NA NA NA NA NA NA NA NA 21.864 0.947 1.27 0.17 0.309 0.025 17.428 3.083 2023 "23_QM__366CA" "CA"
"493" "364CA" NA NA NA NA NA NA NA NA 30.226 10.92 1.562 0.169 0.244 0.03 19.174 6.012 2023 "23_QM__364CA" "CA"
"503" "363CA" NA NA NA NA NA NA NA NA 24.509 0 1.867 0 0.307 0 13.125 0 2023 "23_QM__363CA" "CA"
"515" "341CA" NA NA NA NA NA NA NA NA 24.028 6.839 1.367 0.189 0.247 0.03 18.358 7.672 2023 "23_QM__341CA" "CA"
"523" "665CA" NA NA NA NA NA NA NA NA 36.487 7.719 1.949 0.047 0.268 0.032 18.777 4.184 2023 "23_QM__665CA" "CA"
"533" "116CA" NA NA NA NA NA NA NA NA NA NA NA NA NA NA NA NA 2023 "23_QM__116CA" "CA"
"543" "663CA" NA NA NA NA NA NA NA NA 35.451 10.644 1.757 0.188 0.327 0.057 20.968 9.323 2023 "23_QM__663CA" "CA"
"553" "664CA" NA NA NA NA NA NA NA NA 37.16 4.067 1.681 0.125 0.302 0.053 22.295 3.641 2023 "23_QM__664CA" "CA"
"563" "383CA" NA NA NA NA NA NA NA NA 32.626 2.551 1.589 0.234 0.256 0.021 21.011 4.593 2023 "23_QM__383CA" "CA"
"573" "385CA" NA NA NA NA NA NA NA NA 30.856 7.038 1.378 0.361 0.241 0.027 24.64 11.418 2023 "23_QM__385CA" "CA"
"583" "144CA" NA NA NA NA NA NA NA NA NA NA NA NA NA NA NA NA 2023 "23_QM__144CA" "CA"
"593" "92CA" NA NA NA NA NA NA NA NA NA NA NA NA NA NA NA NA 2023 "23_QM__92CA" "CA"
"603" "93CA" NA NA NA NA NA NA NA NA NA NA NA NA NA NA NA NA 2023 "23_QM__93CA" "CA"
"615" "94CA" NA NA NA NA NA NA NA NA NA NA NA NA NA NA NA NA 2023 "23_QM__94CA" "CA"
"623" "95CA" NA NA NA NA NA NA NA NA NA NA NA NA NA NA NA NA 2023 "23_QM__95CA" "CA"
"633" "96CA" NA NA NA NA NA NA NA NA NA NA NA NA NA NA NA NA 2023 "23_QM__96CA" "CA"
"642" "97CA" NA NA NA NA NA NA NA NA NA NA NA NA NA NA NA NA 2023 "23_QM__97CA" "CA"
"652" "382CA" NA NA NA NA NA NA NA NA 33.432 5.454 1.38 0.274 0.244 0.019 24.91 6.026 2023 "23_QM__382CA" "CA"
"662" "480CA" NA NA NA NA NA NA NA NA NA NA NA NA NA NA NA NA 2023 "23_QM__480CA" "CA"
"672" "339CA" NA NA NA NA NA NA NA NA 27.446 5.817 1.335 0.238 0.272 0.031 21.193 5.642 2023 "23_QM__339CA" "CA"
"682" "384CA" NA NA NA NA NA NA NA NA 25.65 9.56 1.255 0.124 0.263 0.04 20.632 8.572 2023 "23_QM__384CA" "CA"
"692" "484CA" NA NA NA NA NA NA NA NA NA NA NA NA NA NA NA NA 2023 "23_QM__484CA" "CA"
"702" "457CA" NA NA NA NA NA NA NA NA NA NA NA NA NA NA NA NA 2023 "23_QM__457CA" "CA"
"714" "429CA" NA NA NA NA NA NA NA NA NA NA NA NA NA NA NA NA 2023 "23_QM__429CA" "CA"
"722" "153CA" NA NA NA NA NA NA NA NA NA NA NA NA NA NA NA NA 2023 "23_QM__153CA" "CA"
"731" "443CA" NA NA NA NA NA NA NA NA NA NA NA NA NA NA NA NA 2023 "23_QM__443CA" "CA"
"741" "475CA" NA NA NA NA NA NA NA NA NA NA NA NA NA NA NA NA 2023 "23_QM__475CA" "CA"
"751" "281CA" NA NA NA NA NA NA NA NA NA NA NA NA NA NA NA NA 2023 "23_QM__281CA" "CA"
"761" "472CA" NA NA NA NA NA NA NA NA NA NA NA NA NA NA NA NA 2023 "23_QM__472CA" "CA"
"771" "473CA" NA NA NA NA NA NA NA NA NA NA NA NA NA NA NA NA 2023 "23_QM__473CA" "CA"
"781" "503CA" NA NA NA NA NA NA NA NA NA NA NA NA NA NA NA NA 2023 "23_QM__503CA" "CA"
"791" "506CA" NA NA NA NA NA NA NA NA NA NA NA NA NA NA NA NA 2023 "23_QM__506CA" "CA"
"801" "117CA" NA NA NA NA NA NA NA NA NA NA NA NA NA NA NA NA 2023 "23_QM__117CA" "CA"
"814" "482CA" NA NA NA NA NA NA NA NA NA NA NA NA NA NA NA NA 2023 "23_QM__482CA" "CA"
"821" "528CA" NA NA NA NA NA NA NA NA NA NA NA NA NA NA NA NA 2023 "23_QM__528CA" "CA"
"831" "518QI" NA NA NA NA NA NA NA NA NA NA NA NA NA NA NA NA 2023 "23_QM__518QI" "QI"
"841" "487CA" NA NA NA NA NA NA NA NA NA NA NA NA NA NA NA NA 2023 "23_QM__487CA" "CA"
"851" "430CA" NA NA NA NA NA NA NA NA NA NA NA NA NA NA NA NA 2023 "23_QM__430CA" "CA"
"861" "500CA" NA NA NA NA NA NA NA NA NA NA NA NA NA NA NA NA 2023 "23_QM__500CA" "CA"
"871" "469CA" NA NA NA NA NA NA NA NA NA NA NA NA NA NA NA NA 2023 "23_QM__469CA" "CA"
"881" "509CA" NA NA NA NA NA NA NA NA NA NA NA NA NA NA NA NA 2023 "23_QM__509CA" "CA"
"891" "527CA" NA NA NA NA NA NA NA NA NA NA NA NA NA NA NA NA 2023 "23_QM__527CA" "CA"
"90" "709CA" NA NA NA NA NA NA NA NA NA NA NA NA NA NA NA NA 2023 "23_QM__709CA" "CA"
"913" "481CA" NA NA NA NA NA NA NA NA NA NA NA NA NA NA NA NA 2023 "23_QM__481CA" "CA"
"92" "696CA" NA NA NA NA NA NA NA NA NA NA NA NA NA NA NA NA 2023 "23_QM__696CA" "CA"
"93" "508CA" NA NA NA NA NA NA NA NA NA NA NA NA NA NA NA NA 2023 "23_QM__508CA" "CA"
"1102" "61QI" 51.879 4.546 1.843 0.049 0.26 0.017 28.171 2.593 36.918 3.208 1.928 0.062 0.285 0.017 19.19 2.084 2023 "23_QM__61QI" "QI"
"2102" "62QI" 44.302 13.126 1.878 0.05 0.261 0.012 23.522 6.655 25.387 11.793 1.832 0.117 0.319 0.025 13.551 6.013 2023 "23_QM__62QI" "QI"
"3102" "63QI" 55.979 1.89 1.876 0.068 0.268 0.013 29.841 0.718 32.499 10.079 1.84 0.113 NA NA 17.453 4.858 2023 "23_QM__63QI" "QI"
"4102" "169QI" 64.919 4.402 1.813 0.034 0.218 0.018 35.837 2.92 33.962 9.944 1.777 0.168 0.277 0.032 18.934 4.957 2023 "23_QM__169QI" "QI"
"5102" "168QI" 32.451 20.202 1.67 0.224 0.237 0.017 18.429 10.231 60.779 3.595 1.795 0.03 0.219 0.023 33.876 2.405 2023 "23_QM__168QI" "QI"
"6102" "185QI" 55.913 7.981 1.898 0.118 0.239 0.033 29.582 4.932 29.944 6.069 1.973 0.084 0.291 0.018 15.253 3.47 2023 "23_QM__185QI" "QI"
"7101" "184QI" 49.746 21.333 1.694 0.352 0.223 0.031 27.825 9.361 33.995 8.208 1.778 0.073 0.284 0.053 19.11 4.464 2023 "23_QM__184QI" "QI"
"8101" "183QI" 61.385 3.148 1.826 0.017 0.226 0.006 33.603 1.547 33.776 8.882 1.879 0.151 0.316 0.057 18.218 5.514 2023 "23_QM__183QI" "QI"
"94" "188QI" 59.667 2.219 1.804 0.052 0.211 0.029 33.072 0.465 37.155 15.66 1.748 0.128 0.255 0.038 20.865 8.449 2023 "23_QM__188QI" "QI"
"1013" "187QI" 55.057 6.562 1.881 0.051 0.226 0.019 29.315 3.903 44.539 6.585 1.813 0.03 0.256 0.015 24.536 3.317 2023 "23_QM__187QI" "QI"
"1113" "190QI" 59.057 4.216 1.861 0.046 0.239 0.009 31.736 2.215 42.399 6.3 1.81 0.054 0.263 0.034 23.415 3.387 2023 "23_QM__190QI" "QI"
"1213" "189QI" 61.938 3.443 1.874 0.07 0.215 0.019 33.091 2.278 33.387 9.582 1.739 0.145 0.247 0.023 18.931 4.189 2023 "23_QM__189QI" "QI"
"1312" "181QI" 60.747 2.342 1.817 0.019 0.24 0.008 33.419 0.932 38.639 3.03 1.827 0.032 0.275 0.027 21.161 1.73 2023 "23_QM__181QI" "QI"
"1412" "186QI" 62.912 3.504 1.844 0.051 0.22 0.018 34.129 1.948 33.866 5.446 1.813 0.117 0.27 0.016 18.869 4.03 2023 "23_QM__186QI" "QI"
"1512" "704QI" 47.637 1.715 1.895 0.047 0.257 0.024 25.16 1.193 NA NA NA NA NA NA NA NA 2023 "23_QM__704QI" "QI"
"1612" "705QI" 51.059 12.402 1.876 0.06 0.212 0.019 27.12 6.269 NA NA NA NA NA NA NA NA 2023 "23_QM__705QI" "QI"
"1712" "698QI" 49.504 13.39 1.88 0.081 0.256 0.036 26.215 6.677 NA NA NA NA NA NA NA NA 2023 "23_QM__698QI" "QI"
"1812" "66QI" NA NA NA NA NA NA NA NA 43.229 8.48 1.919 0.043 0.291 0.062 22.591 4.754 2023 "23_QM__66QI" "QI"
"1912" "65QI" NA NA NA NA NA NA NA NA 37.384 12.541 1.749 0.196 0.293 0.065 20.938 5.397 2023 "23_QM__65QI" "QI"
"2012" "67QI" NA NA NA NA NA NA NA NA 36.842 10.507 1.865 0.068 0.266 0.033 19.636 5.089 2023 "23_QM__67QI" "QI"
"2112" "64QI" NA NA NA NA NA NA NA NA 42.624 5.253 1.89 0.042 0.276 0.035 22.576 2.998 2023 "23_QM__64QI" "QI"
"2212" "182QI" NA NA NA NA NA NA NA NA 43.483 3.327 1.839 0.063 0.25 0.017 23.643 1.602 2023 "23_QM__182QI" "QI"
"2312" "193CA" NA NA NA NA NA NA NA NA NA NA NA NA NA NA NA NA 2023 "23_QM__193CA" "CA"
"2412" "242CA" NA NA NA NA NA NA NA NA NA NA NA NA NA NA NA NA 2023 "23_QM__242CA" "CA"
"2512" "25QI" NA NA NA NA NA NA NA NA 47.941 7.243 1.856 0.02 0.265 0.038 25.848 3.991 2023 "23_QM__25QI" "QI"
"2612" "152QI" NA NA NA NA NA NA NA NA NA NA NA NA NA NA NA NA 2023 "23_QM__152QI" "QI"
"2712" "695CA" NA NA NA NA NA NA NA NA 33.382 6.819 1.68 0.127 0.311 0.031 19.857 3.855 2023 "23_QM__695CA" "CA"
"2812" "4CA" NA NA NA NA NA NA NA NA NA NA NA NA NA NA NA NA 2023 "23_QM__4CA" "CA"
"2912" "173QI" NA NA NA NA NA NA NA NA 32.451 20.202 1.67 0.224 0.237 0.017 18.429 10.231 2023 "23_QM__173QI" "QI"
"3012" "20CA" NA NA NA NA NA NA NA NA NA NA NA NA NA NA NA NA 2023 "23_QM__20CA" "CA"
"3112" "36CA" NA NA NA NA NA NA NA NA NA NA NA NA NA NA NA NA 2023 "23_QM__36CA" "CA"
"3212" "42CA" NA NA NA NA NA NA NA NA NA NA NA NA NA NA NA NA 2023 "23_QM__42CA" "CA"
"3312" "157CA" NA NA NA NA NA NA NA NA NA NA NA NA NA NA NA NA 2023 "23_QM__157CA" "CA"
"3412" "164CA" NA NA NA NA NA NA NA NA NA NA NA NA NA NA NA NA 2023 "23_QM__164CA" "CA"
"3512" "167CA" NA NA NA NA NA NA NA NA NA NA NA NA NA NA NA NA 2023 "23_QM__167CA" "CA"
"3612" "262CA" NA NA NA NA NA NA NA NA NA NA NA NA NA NA NA NA 2023 "23_QM__262CA" "CA"
"3712" "263CA" NA NA NA NA NA NA NA NA NA NA NA NA NA NA NA NA 2023 "23_QM__263CA" "CA"
"3812" "255CA" NA NA NA NA NA NA NA NA NA NA NA NA NA NA NA NA 2023 "23_QM__255CA" "CA"
"3912" "256CA" NA NA NA NA NA NA NA NA NA NA NA NA NA NA NA NA 2023 "23_QM__256CA" "CA"
"4012" "5CA" NA NA NA NA NA NA NA NA NA NA NA NA NA NA NA NA 2023 "23_QM__5CA" "CA"
"4112" "264CA" NA NA NA NA NA NA NA NA NA NA NA NA NA NA NA NA 2023 "23_QM__264CA" "CA"
"140" "25QI" 49.538 2.994 2.057 0.049 0.234 0.014 24.106 1.713 NA NA NA NA NA NA NA NA 2024 "24_QM__25QI" "QI"
"216" "120QI" 52.853 5.025 1.913 0.059 0.207 0.009 27.664 3.013 NA NA NA NA NA NA NA NA 2024 "24_QM__120QI" "QI"
"316" "123QI" 52.398 2.191 2.084 0.066 0.193 0.015 25.163 1.249 NA NA NA NA NA NA NA NA 2024 "24_QM__123QI" "QI"
"416" "136QI" 50.878 3.85 2.07 0.04 0.215 0.021 24.566 1.496 NA NA NA NA NA NA NA NA 2024 "24_QM__136QI" "QI"
"516" "137QI" 46.989 5.867 1.965 0.092 0.239 0.029 23.875 2.326 NA NA NA NA NA NA NA NA 2024 "24_QM__137QI" "QI"
"616" "152QI" 53.588 3.827 1.978 0.033 0.235 0.007 27.102 1.987 NA NA NA NA NA NA NA NA 2024 "24_QM__152QI" "QI"
"715" "169QI" 55.428 6.683 2.018 0.062 0.218 0.017 27.416 2.605 NA NA NA NA NA NA NA NA 2024 "24_QM__169QI" "QI"
"815" "168QI" 52.903 5.942 2.071 0.057 0.204 0.008 25.537 2.697 NA NA NA NA NA NA NA NA 2024 "24_QM__168QI" "QI"
"914" "173QI" 49.382 2.598 1.96 0.082 0.23 0.005 25.232 1.815 NA NA NA NA NA NA NA NA 2024 "24_QM__173QI" "QI"
"1014" "181QI" 54.556 5.266 1.969 0.066 0.242 0.025 27.798 3.497 NA NA NA NA NA NA NA NA 2024 "24_QM__181QI" "QI"
"1114" "190QI" 53.02 2.816 1.951 0.047 0.236 0.032 27.195 1.65 NA NA NA NA NA NA NA NA 2024 "24_QM__190QI" "QI"
"1214" "62QI" 53.8 4.702 2.047 0.045 0.218 0.024 26.263 1.978 NA NA NA NA NA NA NA NA 2024 "24_QM__62QI" "QI"
"1313" "189QI" 54.988 11.189 1.971 0.032 0.232 0.02 27.934 5.824 NA NA NA NA NA NA NA NA 2024 "24_QM__189QI" "QI"
"144" "182QI" 51.197 5.206 1.973 0.044 0.21 0.027 25.947 2.554 NA NA NA NA NA NA NA NA 2024 "24_QM__182QI" "QI"
"154" "187QI" 42.49 2.464 1.949 0.089 0.262 0.01 21.827 1.494 NA NA NA NA NA NA NA NA 2024 "24_QM__187QI" "QI"
"164" "188QI" 50.72 3.392 2.011 0.068 0.225 0.028 25.205 1.201 NA NA NA NA NA NA NA NA 2024 "24_QM__188QI" "QI"
"174" "183QI" 48.432 3.083 2.066 0.039 0.246 0.022 23.457 1.685 NA NA NA NA NA NA NA NA 2024 "24_QM__183QI" "QI"
"184" "185QI" 49.595 5.018 2.019 0.067 0.212 0.025 24.593 2.803 NA NA NA NA NA NA NA NA 2024 "24_QM__185QI" "QI"
"194" "184QI" 50.565 3.381 2.018 0.058 0.231 0.019 25.083 1.912 NA NA NA NA NA NA NA NA 2024 "24_QM__184QI" "QI"
"204" "186QI" 44.138 3.982 1.986 0.052 0.237 0.024 22.256 2.318 NA NA NA NA NA NA NA NA 2024 "24_QM__186QI" "QI"
"217" "279QI" 49.065 0.98 2.043 0.041 0.218 0.021 24.027 0.743 24.212 7.382 2.073 0.068 0.294 0.058 11.63 3.23 2024 "24_QM__279QI" "QI"
"224" "61QI" 48.607 6.997 2.057 0.04 0.194 0.016 23.619 3.249 NA NA NA NA NA NA NA NA 2024 "24_QM__61QI" "QI"
"234" "284QI" 53.402 4.352 1.983 0.127 0.194 0.029 26.954 1.938 23.082 0.38 1.964 0.125 0.254 0.016 11.768 0.553 2024 "24_QM__284QI" "QI"
"244" "278QI" 43.271 6.367 2.01 0.053 0.221 0.029 21.509 2.99 22.942 5.23 2.005 0.105 0.308 0.055 11.39 2.094 2024 "24_QM__278QI" "QI"
"254" "294QI" 38.845 6.087 2.088 0.068 0.256 0.029 18.619 2.952 25.906 9.907 1.952 0.098 0.321 0.045 13.164 4.416 2024 "24_QM__294QI" "QI"
"264" "308QI" 38.707 10.149 2.112 0.121 0.235 0.014 18.362 4.884 27.299 4.791 2.11 0.043 0.283 0.03 12.917 2.059 2024 "24_QM__308QI" "QI"
"274" "311QI" 36.273 4.953 2.085 0.036 0.272 0.03 17.389 2.311 19.336 3.386 2.007 0.004 0.373 0.056 9.639 1.708 2024 "24_QM__311QI" "QI"
"284" "65QI" 52.353 6.263 1.962 0.081 0.222 0.022 26.75 3.7 NA NA NA NA NA NA NA NA 2024 "24_QM__65QI" "QI"
"294" "325QI" 39.048 3.274 2.044 0.11 0.258 0.026 19.099 1.151 NA NA NA NA NA NA NA NA 2024 "24_QM__325QI" "QI"
"304" "335QI" 41.084 3.554 2.033 0.038 0.25 0.024 20.22 1.867 NA NA NA NA NA NA NA NA 2024 "24_QM__335QI" "QI"
"317" "332QI" 37.275 4.133 1.961 0.068 0.273 0.029 19.002 1.897 NA NA NA NA NA NA NA NA 2024 "24_QM__332QI" "QI"
"324" "695CA" 25.88 7.858 1.83 0.116 0.294 0.059 14.269 4.756 NA NA NA NA NA NA NA NA 2024 "24_QM__695CA" "CA"
"334" "705QI" 51.023 4.506 1.997 0.066 0.195 0.022 25.531 1.843 NA NA NA NA NA NA NA NA 2024 "24_QM__705QI" "QI"
"344" "698QI" 51.638 6.853 2.079 0.096 0.2 0.011 24.91 3.733 NA NA NA NA NA NA NA NA 2024 "24_QM__698QI" "QI"
"354" "704QI" 41.766 4.218 1.929 0.117 0.26 0.044 21.625 1.333 NA NA NA NA NA NA NA NA 2024 "24_QM__704QI" "QI"
"364" "706QI" 31.904 5.937 1.887 0.086 0.348 0.019 16.973 3.405 NA NA NA NA NA NA NA NA 2024 "24_QM__706QI" "QI"
"374" "707QI" 31.124 7.469 1.849 0.029 0.378 0.056 16.857 4.163 NA NA NA NA NA NA NA NA 2024 "24_QM__707QI" "QI"
"384" "708CA" 32.493 4.337 2.147 0.06 0.354 0.07 15.154 2.112 NA NA NA NA NA NA NA NA 2024 "24_QM__708CA" "CA"
"394" "64QI" 48.649 6.034 2.05 0.054 0.21 0.014 23.808 3.473 NA NA NA NA NA NA NA NA 2024 "24_QM__64QI" "QI"
"404" "709CA" 31.021 2.507 2.049 0.085 0.332 0.033 15.176 1.851 NA NA NA NA NA NA NA NA 2024 "24_QM__709CA" "CA"
"417" "718CA" 26.153 0 1.892 0 0.299 0 13.821 0 NA NA NA NA NA NA NA NA 2024 "24_QM__718CA" "CA"
"424" "716CA" 20.846 7.04 1.927 0.117 0.276 0.106 10.698 2.903 NA NA NA NA NA NA NA NA 2024 "24_QM__716CA" "CA"
"434" "717CABIS" 20.94 3.386 1.712 0.127 0.338 0.043 12.31 2.521 NA NA NA NA NA NA NA NA 2024 "24_QM__717CABIS" "CA"
"444" "678QI" 34.815 5.143 1.877 0.036 0.288 0.04 18.566 2.825 34.023 0.709 1.913 0.021 0.303 0.003 17.784 0.562 2024 "24_QM__678QI" "QI"
"454" "645QI" 31.602 4.806 1.899 0.059 0.3 0.039 16.685 2.787 NA NA NA NA NA NA NA NA 2024 "24_QM__645QI" "QI"
"464" "664CA" 27.488 7.212 2.048 0.062 0.378 0.13 13.394 3.405 NA NA NA NA NA NA NA NA 2024 "24_QM__664CA" "CA"
"474" "665CA" 33.212 6.872 1.974 0.124 0.443 0.172 16.774 3.037 NA NA NA NA NA NA NA NA 2024 "24_QM__665CA" "CA"
"484" "66QI" 59.731 5.591 1.966 0.135 0.213 0.048 30.368 1.524 NA NA NA NA NA NA NA NA 2024 "24_QM__66QI" "QI"
"494" "663CABIS" 47.44 6.774 1.812 0.227 0.227 0.043 26.158 0.459 NA NA NA NA NA NA NA NA 2024 "24_QM__663CABIS" "CA"
"504" "667QI" 42.084 3.257 1.929 0.048 0.278 0.022 21.861 2.172 NA NA NA NA NA NA NA NA 2024 "24_QM__667QI" "QI"
"517" "671QI" 35.793 2.304 1.923 0.035 0.269 0.018 18.62 1.321 NA NA NA NA NA NA NA NA 2024 "24_QM__671QI" "QI"
"524" "615QI" 34.138 4.735 1.921 0.079 0.295 0.036 17.765 2.325 NA NA NA NA NA NA NA NA 2024 "24_QM__615QI" "QI"
"534" "670QI" 39.783 1.447 1.896 0.031 0.255 0.019 20.983 0.571 NA NA NA NA NA NA NA NA 2024 "24_QM__670QI" "QI"
"544" "549QI" 51.553 7.616 1.997 0.037 0.214 0.026 25.823 3.756 NA NA NA NA NA NA NA NA 2024 "24_QM__549QI" "QI"
"554" "548QI" 47.049 7.176 2.007 0.069 0.236 0.029 23.412 3.252 NA NA NA NA NA NA NA NA 2024 "24_QM__548QI" "QI"
"564" "551QI" 46.206 5.538 1.974 0.039 0.254 0.033 23.393 2.567 NA NA NA NA NA NA NA NA 2024 "24_QM__551QI" "QI"
"574" "547QI" 46.422 3.255 2.007 0.047 0.26 0.011 23.131 1.647 NA NA NA NA NA NA NA NA 2024 "24_QM__547QI" "QI"
"584" "525QI" 38.618 2.307 1.85 0.044 0.281 0.014 20.903 1.716 NA NA NA NA NA NA NA NA 2024 "24_QM__525QI" "QI"
"594" "67QI" 62.662 7.139 2.052 0.019 0.198 0.011 30.539 3.548 NA NA NA NA NA NA NA NA 2024 "24_QM__67QI" "QI"
"604" "474QI" 42.313 4.361 1.987 0.069 0.234 0.03 21.281 1.779 NA NA NA NA NA NA NA NA 2024 "24_QM__474QI" "QI"
"617" "518QI" 41.427 4.057 1.853 0.062 0.236 0.025 22.333 1.781 NA NA NA NA NA NA NA NA 2024 "24_QM__518QI" "QI"
"624" "517QI" 65.695 2.679 1.939 0.04 0.191 0.011 33.916 1.965 NA NA NA NA NA NA NA NA 2024 "24_QM__517QI" "QI"
"634" "476QI" 42.997 6.176 1.99 0.08 0.246 0.029 21.604 2.93 NA NA NA NA NA NA NA NA 2024 "24_QM__476QI" "QI"
"643" "459QI" 41.334 6.584 2.002 0.065 0.259 0.045 20.584 2.724 NA NA NA NA NA NA NA NA 2024 "24_QM__459QI" "QI"
"653" "464QI" 39.109 3.234 2.043 0.047 0.268 0.03 19.146 1.58 NA NA NA NA NA NA NA NA 2024 "24_QM__464QI" "QI"
"663" "468QI" 46.136 13.263 2.109 0.194 0.223 0.072 22.415 7.497 NA NA NA NA NA NA NA NA 2024 "24_QM__468QI" "QI"
"673" "491QI" 37.684 4.517 1.956 0.036 0.272 0.044 19.261 2.197 NA NA NA NA NA NA NA NA 2024 "24_QM__491QI" "QI"
"683" "489QI" 52.435 4.798 1.969 0.068 0.204 0.006 26.677 2.838 NA NA NA NA NA NA NA NA 2024 "24_QM__489QI" "QI"
"693" "490QI" 50.396 6.899 2.046 0.062 0.197 0.029 24.709 3.929 NA NA NA NA NA NA NA NA 2024 "24_QM__490QI" "QI"
"703" "63QI" 46.104 3.337 2.045 0.062 0.227 0.015 22.526 1.136 NA NA NA NA NA NA NA NA 2024 "24_QM__63QI" "QI"
"716" "486QI" 37.084 1.389 1.945 0.086 0.271 0.011 19.08 0.802 NA NA NA NA NA NA NA NA 2024 "24_QM__486QI" "QI"
"723" "426QI" 44.492 6.831 1.91 0.033 0.2 0.017 23.294 3.485 NA NA NA NA NA NA NA NA 2024 "24_QM__426QI" "QI"
"732" "401QI" 37.483 5.313 1.879 0.048 0.308 0.057 19.932 2.687 NA NA NA NA NA NA NA NA 2024 "24_QM__401QI" "QI"
"742" "400QI" 46.393 1.782 2.014 0.043 0.204 0.014 23.028 0.477 NA NA NA NA NA NA NA NA 2024 "24_QM__400QI" "QI"
"752" "398QI" 44.448 4.032 1.983 0.037 0.244 0.021 22.403 1.779 NA NA NA NA NA NA NA NA 2024 "24_QM__398QI" "QI"
"762" "103QI" 45.623 4.449 1.89 0.053 0.279 0.026 24.108 1.829 NA NA NA NA NA NA NA NA 2024 "24_QM__103QI" "QI"
"772" "42CA" NA NA NA NA NA NA NA NA NA NA NA NA NA NA NA NA 2024 "24_QM__42CA" "CA"
"782" "92CA" NA NA NA NA NA NA NA NA NA NA NA NA NA NA NA NA 2024 "24_QM__92CA" "CA"
"792" "93CA" NA NA NA NA NA NA NA NA NA NA NA NA NA NA NA NA 2024 "24_QM__93CA" "CA"
"802" "94CA" NA NA NA NA NA NA NA NA NA NA NA NA NA NA NA NA 2024 "24_QM__94CA" "CA"
"816" "95CA" NA NA NA NA NA NA NA NA NA NA NA NA NA NA NA NA 2024 "24_QM__95CA" "CA"
"822" "96CA" NA NA NA NA NA NA NA NA NA NA NA NA NA NA NA NA 2024 "24_QM__96CA" "CA"
"832" "97CA" NA NA NA NA NA NA NA NA NA NA NA NA NA NA NA NA 2024 "24_QM__97CA" "CA"
"842" "116CA" NA NA NA NA NA NA NA NA NA NA NA NA NA NA NA NA 2024 "24_QM__116CA" "CA"
"852" "117CA" NA NA NA NA NA NA NA NA NA NA NA NA NA NA NA NA 2024 "24_QM__117CA" "CA"
"862" "144CA" NA NA NA NA NA NA NA NA NA NA NA NA NA NA NA NA 2024 "24_QM__144CA" "CA"
"872" "153CA" NA NA NA NA NA NA NA NA NA NA NA NA NA NA NA NA 2024 "24_QM__153CA" "CA"
"882" "157CA" NA NA NA NA NA NA NA NA NA NA NA NA NA NA NA NA 2024 "24_QM__157CA" "CA"
"892" "164CA" NA NA NA NA NA NA NA NA NA NA NA NA NA NA NA NA 2024 "24_QM__164CA" "CA"
"901" "167CA" NA NA NA NA NA NA NA NA NA NA NA NA NA NA NA NA 2024 "24_QM__167CA" "CA"
"915" "193CA" NA NA NA NA NA NA NA NA NA NA NA NA NA NA NA NA 2024 "24_QM__193CA" "CA"
"921" "242CA" NA NA NA NA NA NA NA NA NA NA NA NA NA NA NA NA 2024 "24_QM__242CA" "CA"
"931" "255CA" NA NA NA NA NA NA NA NA NA NA NA NA NA NA NA NA 2024 "24_QM__255CA" "CA"
"941" "256CA" NA NA NA NA NA NA NA NA NA NA NA NA NA NA NA NA 2024 "24_QM__256CA" "CA"
"95" "262CA" NA NA NA NA NA NA NA NA NA NA NA NA NA NA NA NA 2024 "24_QM__262CA" "CA"
"96" "263CA" NA NA NA NA NA NA NA NA NA NA NA NA NA NA NA NA 2024 "24_QM__263CA" "CA"
"97" "264CA" NA NA NA NA NA NA NA NA NA NA NA NA NA NA NA NA 2024 "24_QM__264CA" "CA"
"98" "281CA" NA NA NA NA NA NA NA NA NA NA NA NA NA NA NA NA 2024 "24_QM__281CA" "CA"
"99" "399CA" NA NA NA NA NA NA NA NA NA NA NA NA NA NA NA NA 2024 "24_QM__399CA" "CA"
"100" "340CA" NA NA NA NA NA NA NA NA NA NA NA NA NA NA NA NA 2024 "24_QM__340CA" "CA"
"1015" "341CA" NA NA NA NA NA NA NA NA NA NA NA NA NA NA NA NA 2024 "24_QM__341CA" "CA"
"102" "363CA" NA NA NA NA NA NA NA NA NA NA NA NA NA NA NA NA 2024 "24_QM__363CA" "CA"
"103" "364CA" NA NA NA NA NA NA NA NA NA NA NA NA NA NA NA NA 2024 "24_QM__364CA" "CA"
"104" "366CA" NA NA NA NA NA NA NA NA NA NA NA NA NA NA NA NA 2024 "24_QM__366CA" "CA"
"105" "382CA" NA NA NA NA NA NA NA NA NA NA NA NA NA NA NA NA 2024 "24_QM__382CA" "CA"
"106" "383CA" NA NA NA NA NA NA NA NA NA NA NA NA NA NA NA NA 2024 "24_QM__383CA" "CA"
"107" "384CA" NA NA NA NA NA NA NA NA NA NA NA NA NA NA NA NA 2024 "24_QM__384CA" "CA"
"108" "385CA" NA NA NA NA NA NA NA NA NA NA NA NA NA NA NA NA 2024 "24_QM__385CA" "CA"
"109" "481CA" NA NA NA NA NA NA NA NA NA NA NA NA NA NA NA NA 2024 "24_QM__481CA" "CA"
"1103" "482CA" NA NA NA NA NA NA NA NA NA NA NA NA NA NA NA NA 2024 "24_QM__482CA" "CA"
"1115" "484CA" NA NA NA NA NA NA NA NA NA NA NA NA NA NA NA NA 2024 "24_QM__484CA" "CA"
"112" "487CA" NA NA NA NA NA NA NA NA NA NA NA NA NA NA NA NA 2024 "24_QM__487CA" "CA"
"113" "4CA" NA NA NA NA NA NA NA NA NA NA NA NA NA NA NA NA 2024 "24_QM__4CA" "CA"
"114" "5CA" NA NA NA NA NA NA NA NA NA NA NA NA NA NA NA NA 2024 "24_QM__5CA" "CA"
"115" "20CA" NA NA NA NA NA NA NA NA NA NA NA NA NA NA NA NA 2024 "24_QM__20CA" "CA"
"116" "36CA" NA NA NA NA NA NA NA NA NA NA NA NA NA NA NA NA 2024 "24_QM__36CA" "CA"
"117" "509CA" NA NA NA NA NA NA NA NA NA NA NA NA NA NA NA NA 2024 "24_QM__509CA" "CA"
"118" "527CA" NA NA NA NA NA NA NA NA NA NA NA NA NA NA NA NA 2024 "24_QM__527CA" "CA"
"119" "528CA" NA NA NA NA NA NA NA NA NA NA NA NA NA NA NA NA 2024 "24_QM__528CA" "CA"
"120" "663CA" NA NA NA NA NA NA NA NA NA NA NA NA NA NA NA NA 2024 "24_QM__663CA" "CA"
"1215" "475CA" NA NA NA NA NA NA NA NA NA NA NA NA NA NA NA NA 2024 "24_QM__475CA" "CA"
"122" "480CA" NA NA NA NA NA NA NA NA NA NA NA NA NA NA NA NA 2024 "24_QM__480CA" "CA"
"123" "429CA" NA NA NA NA NA NA NA NA NA NA NA NA NA NA NA NA 2024 "24_QM__429CA" "CA"
"124" "696CA" NA NA NA NA NA NA NA NA NA NA NA NA NA NA NA NA 2024 "24_QM__696CA" "CA"
"125" "443CA" NA NA NA NA NA NA NA NA NA NA NA NA NA NA NA NA 2024 "24_QM__443CA" "CA"
"126" "719CA" NA NA NA NA NA NA NA NA NA NA NA NA NA NA NA NA 2024 "24_QM__719CA" "CA"
"127" "469CA" NA NA NA NA NA NA NA NA NA NA NA NA NA NA NA NA 2024 "24_QM__469CA" "CA"
"128" "717CA" NA NA NA NA NA NA NA NA NA NA NA NA NA NA NA NA 2024 "24_QM__717CA" "CA"
"129" "473CA" NA NA NA NA NA NA NA NA NA NA NA NA NA NA NA NA 2024 "24_QM__473CA" "CA"
"130" "506CA" NA NA NA NA NA NA NA NA NA NA NA NA NA NA NA NA 2024 "24_QM__506CA" "CA"
"1314" "457CA" NA NA NA NA NA NA NA NA NA NA NA NA NA NA NA NA 2024 "24_QM__457CA" "CA"
"132" "472CA" NA NA NA NA NA NA NA NA NA NA NA NA NA NA NA NA 2024 "24_QM__472CA" "CA"
"133" "430CA" NA NA NA NA NA NA NA NA NA NA NA NA NA NA NA NA 2024 "24_QM__430CA" "CA"
"134" "503CA" NA NA NA NA NA NA NA NA NA NA NA NA NA NA NA NA 2024 "24_QM__503CA" "CA"
"135" "500CA" NA NA NA NA NA NA NA NA NA NA NA NA NA NA NA NA 2024 "24_QM__500CA" "CA"
"136" "508CA" NA NA NA NA NA NA NA NA NA NA NA NA NA NA NA NA 2024 "24_QM__508CA" "CA"
